******** EasyPlot save file ********
******** graph attributes   ********
/fpo  pd  12.00 6.00       ;page size
/sf   "Arial"              ;font
/sf   b   OFF              ;Bold
/sf   i   OFF              ;Italic
/sf   u   OFF              ;Underline
/fpo  pt  22.00            ;base point size
/fpo  gt  base             ;graph-title size
/fpo  at  base             ;axis-title size
/fpo  an  base             ;annotation size
/fpo  lt  base             ;legend-text size
/fpo  po  OFF              ;portrait mode
/fpo  co  ON               ;color
/fpo  sc  ON               ;scale text by graph size
/fpo  lw  3.00             ;line weight
/sa   d   0.50             ;data mark size
/sa   t   1.00             ;tic size
/sa   b   0.00             ;bar separation
//angular_grid  15

******** open new graph     ********
//pos 0 0.001024 1 1
/ag              
/st    OFF                 ;3D state

/sa l  "\pt16/20 Rolling Average"  2 ;legend for column 2
/sa m  1  2                ;mark, dash & color for column 2
//cwt  3  2                ;line weight
/sa l  "\pt16/50 Rolling Average"  4 ;legend for column 4
/sa m  2  4                ;mark, dash & color for column 4
//cwt  3  4                ;line weight
/sa l  "\pt16/150 Rolling Average"  6 ;legend for column 6
/sa m  3  6                ;mark, dash & color for column 6
//cwt  3  6                ;line weight
/sm    OFF                 ;data marks
/sc    ON                  ;connect points
/sd    OFF                 ;dashed lines
/sb    OFF                 ;bar
/se x  OFF                 ;X-error bars
/se y  OFF                 ;Y-error bars
/td    "xyxyxy"            ;define the columns
      0      0      0      0      0      0
   2543      0   2543      0   2547      0
   2567      0   2567  -0.06   2573      0
   2590      0   2592  -0.02   2600      0
   2614      0   2615  -0.02   2628      0
   2636      0   2639  -0.06   2654      0
   2660      0   2662      0   2682      0
   2683      0   2686  -0.02   2709      0
   2707      0   2710  -0.02   2736      0
   2730      0   2734      0   2763      0
   2754      0   2757  -0.06   2789      0
   2778      0   2781      0   2817      0
   2801      0   2806  -0.06   2844      0
   2824      0   2829  -0.02   2871      0
   2847      0   2853  -0.06   2898      0
   2871      0   2876  -0.06   2925      0
   2894      0   2901  -0.06   2952      0
   2918      0   2924  -0.06   2979      0
   2941      0   2948  -0.06   3007      0
   2965      0   2972  -0.06   3033      0
   2989      0   2996   -0.1   3060      0
   3011      0   3023  -0.04   3087      0
   3039      0   3047  -0.08   3117      0
   3062      0   3071      0   3145      0
   3086      0   3094  -0.02   3171      0
   3109      0   3119      0   3199      0
   3132      0   3143   0.02   3226      0
   3155      0   3166  -0.06   3253      0
   3179      0   3191   0.02   3280      0
   3203      0   3214  -0.06   3308      0
   3226      0   3238  -0.04   3334      0
   3250      0   3262  -0.02   3362      0
   3273      0   3286   -0.1   3388      0
   3297      0   3309  -0.02   3416      0
   3320      0   3334  -0.02   3443      0
   3344      0   3358   -0.1   3470      0
   3367      0   3381      0   3497      0
   3391      0   3406  -0.02   3524      0
   3415      0   3429  -0.12   3551      0
   3438      0   3453  -0.02   3578      0
   3462      0   3477  -0.02   3606      0
   3485      0   3505  -0.02   3632      0
   3509      0   3529  -0.12   3660      0
   3535      0   3552  -0.08   3691      0
   3559      0   3577  -0.04   3717      0
   3582      0   3600  -0.04   3745      0
   3606      0   3624  -0.18   3771      0
   3630      0   3648  -0.08   3798      0
   3653      0   3672  -0.04   3826      0
   3677      0   3696  -0.08   3852      0
   3700      0   3720  -0.22   3880      0
   3723      0   3745   -0.2   3907      0
   3746      0   3768   0.04   3934      0
   3770      0   3792  -0.12   3961      0
   3793      0   3816  -0.12   3989      0
   3817      0   3840  -0.36   4015      0
   3840      0   3864   -0.3   4043      0
   3864      0   3888   -0.1   4069      0
   3888      0   3913  -0.16   4097      0
   3911      0   3936  -0.16   4124      0
   3935      0   3961  -0.22   4150      0
   3958      0   3987   -0.3   4178      0
   3982      0   4012  -0.46   4205      0
   4005      0   4035  -0.64   4232      0
   4029      0   4060  -0.46   4263      0
   4056      0   4084  -0.28   4290      0
   4079      0   4108  -0.24   4317      0
   4103      0   4132  -0.26   4344      0
   4126      0   4155  -0.26   4370      0
   4150      0   4180   -0.3   4398      0
   4173      0   4203  -0.44   4425      0
   4197      0   4228  -0.68   4452      0
   4220      0   4252  -0.78   4479      0
   4243      0   4276  -0.84   4507      0
   4266      0   4300  -0.68   4533      0
   4290      0   4324  -0.58   4561      0
   4314      0   4348  -0.52   4588      0
   4337      0   4372  -0.42   4615      0
   4361      0   4396   -0.5   4642      0
   4384      0   4420  -0.42   4669      0
   4408      0   4444  -0.46   4696      0
   4431      0   4468  -0.58   4724      0
   4455      0   4495   -0.5   4750      0
   4478      0   4520  -0.58   4777      0
   4502      0   4543  -0.66   4805      0
   4526      0   4568   -0.7   4954      0
   4552      0   4639  -0.88   4981      0
   4622      0   4662  -0.88   5008      0
   4645      0   4687  -0.78   5035      0
   4669      0   4710  -0.86   5063      0
   4692      0   4734  -0.82   5089      0
   4716      0   4758  -0.74   5117      0
   4739      0   4782  -0.56   5144      0
   4762      0   4807  -0.52   5171      0
   4786      0   4830  -0.48   5198      0
   4809      0   4855   -0.4   5226      0
   4833      0   4878  -0.16   5252      0
   4856      0   4902  -0.18   5279      0
   4880      0   4926  -0.14   5306      0
   4903      0   4950  -0.02   5333      0
   4927      0   4974    0.2   5361      0
   4951      0   4998   0.24   5387      0
   4974      0   5026  -0.06   5415      0
   4998      0   5049  -0.06   5442      0
   5021      0   5074  -0.18   5469      0
   5045      0   5097  -0.02   5496      0
   5068      0   5122  -0.22   5527      0
   5095      0   5145  -0.46   5553      0
   5118      0   5169  -0.42   5581      0
   5142      0   5194  -0.44   5607      0
   5166      0   5217  -0.32   5635      0
   5189      0   5242  -0.28   5662      0
   5213      0   5265  -0.02   5688      0
   5236      0   5290   0.14   5716      0
   5260      0   5313   0.06   5743      0
   5283      0   5338  -0.06   5770      0
   5306      0   5362  -0.02   5797      0
   5329      0   5385   0.06   5825      0
   5353      0   5410    0.1   5851      0
   5376      0   5433   0.16   5879      0
   5400      0   5458   0.34   5905  -0.01
   5431      0   5488    0.6   5940  -0.01
   5454      0   5513   0.82   5967  -0.01
   5478      0   5540   0.72   5995  -0.01
   5501      0   5564   0.48   6021  -0.01
   5525      0   5588    0.3   6049  -0.01
   5549      0   5611   0.22   6075  -0.01
   5572      0   5636   0.24   6106      0
   5599      0   5660   0.28   6134      0
   5622      0   5684   0.34   6160      0
   5646      0   5708   0.44   6188      0
   5669      0   5731   0.58   6215      0
   5693      0   5756   0.58   6242      0
   5716      0   5779   0.52   6269      0
   5740      0   5804   0.48   6297   0.01
   5764      0   5827   0.48   6323   0.01
   5787      0   5851   0.52   6351      0
   5810      0   5876   0.54   6378  -0.01
   5833      0   5899   0.62   6405  -0.01
   5857      0   5924    0.7   6432  -0.01
   5880      0   5947   0.72   6459  -0.01
   5904      0   5971   0.62   6486  -0.01
   5927      0   5995   0.42   6514  -0.01
   5951      0   6019   0.26   6540   0.01
   5975      0   6047   0.24   6568      0
   5998      0   6070   0.26   6595      0
   6022      0   6095   0.16   6622      0
   6045      0   6118  -0.02   6649      0
   6069      0   6143  -0.14   6680      0
   6095      0   6166   -0.2   6707      0
   6119      0   6190  -0.22   6734      0
   6142      0   6215   -0.2   6762      0
   6166      0   6238  -0.06   6788      0
   6190      0   6263  -0.02   6816      0
   6213      0   6286    0.1   6842  -0.01
   6237      0   6311   0.28   6870   0.01
   6259      0   6334   0.42   6897  -0.01
   6283      0   6358   0.52   6924  -0.01
   6306      0   6382    0.5   6951      0
   6330      0   6406   0.44   6979  -0.01
   6353      0   6431   0.46   7005  -0.01
   6377      0   6454    0.5   7033      0
   6400      0   6478   0.52   7060      0
   6424      0   6502   0.44   7087  -0.01
   6448      0   6526    0.3   7114   0.01
   6471      0   6547   0.12   7141      0
   6495      0   6572   0.04   7168      0
   6518      0   6595   0.06   7196   0.01
   6542      0   6619   0.08   7226   0.01
   6565      0   6644  -0.06   7253   0.01
   6592      0   6667  -0.12   7281   0.01
   6616      0   6738  -0.18   7307   0.03
   6639      0   6762   -0.4   7335   0.01
   6709      0   6786  -0.32   7362   0.03
   6731      0   6810  -0.16   7389   0.02
   6755      0   6834  -0.04   7416   0.03
   6778      0   6859  -0.16   7444   0.03
   6802      0   6882   -0.2   7471   0.02
   6825      0   6907  -0.18   7498   0.03
   6849      0   6930  -0.22   7525   0.01
   6873      0   6954  -0.44   7552   0.02
   6896      0   6978  -0.46   7580   0.02
   6920      0   7002  -0.36   7606   0.01
   6943      0   7027  -0.34   7634   0.02
   6967      0   7050  -0.28   7661   0.02
   6990      0   7078  -0.14   7688   0.01
   7014      0   7101  -0.16   7716   0.02
   7037      0   7126   -0.1   7743   0.02
   7061      0   7149  -0.16   7770      0
   7084      0   7174  -0.32   7801  -0.01
   7107      0   7198  -0.34   7828   0.01
   7135      0   7222  -0.28   7855   0.01
   7158   0.05   7246  -0.22   7882  -0.01
   7182   0.05   7269  -0.14   7909  -0.03
   7205   0.05   7294  -0.16   7937      0
   7229   0.05   7317  -0.32   7964   0.01
   7251   0.05   7342  -0.34   7991   0.01
   7275   0.05   7365   -0.2   8018  -0.03
   7299   0.05   7390  -0.22   8046  -0.05
   7322   0.05   7414  -0.24   8073  -0.05
   7346   0.05   7437  -0.26   8100  -0.01
   7369   0.05   7462   -0.4   8128   0.03
   7393   0.05   7485  -0.42   8155   0.03
   7416   0.05   7510  -0.28   8182   0.01
   7440      0   7533  -0.36   8209  -0.01
   7463   0.05   7561  -0.42   8236  -0.03
   7487   0.05   7585  -0.52   8264  -0.05
   7511      0   7609   -0.5   8291  -0.07
   7534   0.05   7633  -0.48   8330  -0.05
   7558   0.05   7657  -0.42   8357  -0.02
   7581   0.05   7681  -0.42   8388  -0.05
   7605   0.05   7704  -0.56   8415  -0.07
   7631      0   7729  -0.56   8443  -0.09
   7655   0.05   7753  -0.52   8470  -0.11
   7678   0.05   7777  -0.44   8497  -0.14
   7702   0.05   7801  -0.28   8525  -0.17
   7726  -0.05   7825  -0.36   8553  -0.19
   7749      0   7849  -0.38   8579  -0.24
   7773      0   7872  -0.42   8607  -0.29
   7796      0   7897  -0.34   8634  -0.31
   7820  -0.05   7920  -0.24   8661  -0.33
   7843      0   7945  -0.32   8689  -0.33
   7867      0   7969  -0.12   8716  -0.35
   7890  -0.05   7993  -0.16   8744  -0.39
   7914   0.05   8017  -0.18   8772  -0.41
   7938      0   8044  -0.28   8798  -0.37
   7961      0   8068  -0.12   8826  -0.31
   7985    0.1   8093  -0.22   8854  -0.29
   8008   0.05   8116  -0.22   8881  -0.33
   8031   0.05   8140   -0.3   8908  -0.39
   8054   0.05   8164   -0.1   8939   -0.4
   8078    0.1   8188  -0.14   8966  -0.33
   8101    0.1   8212   -0.2   8994  -0.29
   8129   0.05   8236  -0.16   9021  -0.36
   8153   0.05   8259  -0.08   9049  -0.39
   8176   0.05   8284   -0.1   9076  -0.39
   8200    0.1   8308  -0.04   9103  -0.39
   8223   0.05   8332   -0.1   9131  -0.33
   8247    0.1   8356  -0.14   9159  -0.34
   8270    0.1   8380  -0.08   9185   -0.4
   8294   0.15   8404  -0.18   9213   -0.4
   8317    0.1   8427  -0.18   9241  -0.39
   8341    0.1   8452   -0.2   9268  -0.35
   8372    0.1   8476  -0.16   9303  -0.35
   8395      0   8507  -0.22   9331  -0.31
   8419  -0.05   8531   -0.1   9357  -0.34
   8442  -0.05   8558  -0.06   9385  -0.35
   8466   -0.1   8582   -0.1   9413  -0.35
   8489   -0.1   8607  -0.02   9440  -0.31
   8513  -0.05   8630  -0.02   9468  -0.32
   8537   0.05   8654  -0.02   9499  -0.31
   8560    0.1   8678      0   9526  -0.29
   8584   0.15   8702   0.06   9554  -0.33
   8607      0   8725  -0.04   9582  -0.33
   8634   0.05   8750   0.08   9608  -0.31
   8657   0.05   8773   0.04   9636   -0.3
   8681    0.1   8844   0.14   9664  -0.35
   8704    0.1   8869   0.02   9691  -0.33
   8728   0.15   8892   0.08   9719  -0.31
   8798    0.1   8916   0.02   9746  -0.35
   8821   0.05   8940      0   9774  -0.35
   8845   0.05   8964   0.08   9802  -0.32
   8868    0.1   8988      0   9828  -0.34
   8892   0.25   9012   0.06   9856  -0.34
   8915   0.25   9036   0.02   9884  -0.31
   8939   0.25   9059   0.04   9911  -0.34
   8963    0.2   9087   0.16   9939  -0.34
   8986   0.25   9111   0.04   9967  -0.32
   9010   0.35   9135   0.08   9994  -0.35
   9033    0.3   9159   0.06  10022  -0.35
   9057   0.05   9183   0.02  10053  -0.38
   9080  -0.05   9207    0.1  10080  -0.37
   9104   -0.1   9230      0  10108  -0.34
   9127   0.05   9255   0.08  10136  -0.35
   9151  -0.05   9278   0.02  10163  -0.34
   9178  -0.05   9302   0.08  10191  -0.35
   9201   -0.1   9326   0.04  10219  -0.35
   9225   -0.1   9350    0.1  10246  -0.33
   9248  -0.15   9374    0.1  10274  -0.35
   9272   -0.1   9398   0.12  10301  -0.33
   9295  -0.05   9422   0.08  10328  -0.36
   9319   0.05   9445   0.12  10356  -0.35
   9342   -0.1   9470   0.02  10383  -0.34
   9366   -0.2   9493   0.06  10411  -0.34
   9390  -0.05   9517   0.04  10439  -0.33
   9413  -0.15   9541   0.04  10466  -0.37
   9437      0   9565   0.08  10494  -0.34
   9460  -0.05   9589   0.04  10522  -0.36
   9484   -0.2   9616   0.02  10549  -0.33
   9507   -0.1   9640   0.02  10577  -0.37
   9532   -0.1   9664   0.14  10609  -0.37
   9555      0   9688   0.06  10636   -0.4
   9578   -0.1   9711   0.14  10663  -0.37
   9603  -0.05   9736    0.1  10691  -0.41
   9626  -0.05   9760    0.1  10718  -0.39
   9653   0.05   9783   0.08  10746   -0.4
   9676  -0.05   9808   0.06  10774  -0.37
   9700   0.05   9831   0.02  10801  -0.39
   9723   -0.1   9855   0.04  10829  -0.38
   9747  -0.05   9879   0.04  10857  -0.38
   9770   -0.2   9903  -0.04  10884  -0.38
   9794   -0.2   9927   0.04  10912  -0.35
   9818   -0.3   9951      0  10939  -0.37
   9841  -0.15   9975   0.02  10967  -0.34
   9865  -0.45   9998   0.02  10995  -0.37
   9888  -0.05  10023   0.06  11022  -0.37
   9912   -0.3  10046  -0.04  11050  -0.35
   9935  -0.15  10071   0.04  11078  -0.34
   9959   -0.1  10098   0.02  11105  -0.34
   9982  -0.35  10122    0.1  11137  -0.34
  10006  -0.05  10146   0.06  11165  -0.35
  10030  -0.25  10169   0.04  11192  -0.33
  10053   -0.1  10194    0.1  11220  -0.37
  10077   -0.2  10217   0.06  11248  -0.34
  10101   -0.3  10241   0.08  11275  -0.36
  10128  -0.55  10265   0.02  11303  -0.35
  10151  -0.15  10289   0.02  11331  -0.33
  10175   -0.3  10314   0.06  11358  -0.35
  10199  -0.35  10337  -0.04  11386  -0.35
  10222  -0.25  10361   0.06  11414  -0.33
  10246   -0.1  10385   0.08  11441  -0.35
  10270  -0.45  10409   0.02  11469  -0.37
  10294   0.05  10432   0.08  11497  -0.35
  10317   -0.2  10457   0.06  11524   -0.4
  10341   -0.1  10480   0.06  11552  -0.38
  10364   -0.2  10504      0  11579  -0.37
  10388   0.15  10529      0  11607   -0.4
  10412      0  10552   0.08  11635  -0.39
  10435   -0.4  10576   0.02  11662  -0.39
  10459    0.1  10603   0.06  11694  -0.35
  10482  -0.15  10627   0.02  11733  -0.36
  10506  -0.05  10652  -0.02  11761  -0.38
  10529   -0.7  10675   0.06  11788  -0.35
  10553   -0.3  10700   0.06  11816  -0.34
  10576    0.2  10723   0.06  11844  -0.37
  10598    0.3  10747      0  11871  -0.35
  10621  -0.55  10771  -0.04  11899  -0.35
  10645  -0.05  10795   0.02  11927  -0.35
  10669    0.4  10818   0.04  11954  -0.37
  10692   0.25  10843   0.04  11982  -0.35
  10716   0.25  10867  -0.04  12010  -0.35
  10739      0  10937  -0.04  12037  -0.36
  10763  -0.25  10962  -0.06  12065  -0.35
  10786    0.3  10985  -0.04  12092  -0.34
  10810   0.45  11009   0.02  12121  -0.35
  10879   -0.2  11033      0  12149  -0.35
  10904   -0.5  11057      0  12176  -0.37
  10928   -0.1  11082  -0.02  12204  -0.35
  10951    0.6  11105  -0.06  12235  -0.35
  10975   0.25  11133  -0.12  12262  -0.36
  10998    0.4  11156  -0.08  12290  -0.39
  11022    0.4  11180  -0.12  12318   -0.4
  11045    0.6  11204   -0.1  12345  -0.41
  11069  -0.25  11228  -0.06  12373  -0.42
  11096  -0.85  11253   -0.1  12401   -0.4
  11119  -1.25  11276  -0.14  12428  -0.37
  11143  -0.95  11300   -0.1  12456  -0.33
  11166   -1.4  11324  -0.14  12484   -0.3
  11190   -1.3  11348  -0.14  12511  -0.35
  11213  -0.95  11372  -0.14  12539  -0.41
  11238  -0.85  11396  -0.08  12567  -0.38
  11261   -0.3  11420  -0.06  12594  -0.34
  11285   -0.3  11444  -0.14  12622   -0.3
  11309  -0.75  11468  -0.14  12650  -0.29
  11332   -0.9  11492  -0.14  12677  -0.27
  11356  -0.65  11516   -0.1  12705  -0.27
  11386   -0.3  11548  -0.12  12740  -0.22
  11410   -0.5  11571   -0.1  12771  -0.19
  11433   -0.6  11599  -0.04  12799  -0.12
  11457   -0.6  11622  -0.04  12827  -0.09
  11481   -0.6  11647  -0.06  12854  -0.05
  11504  -0.55  11670  -0.02  12882  -0.04
  11529  -0.15  11695  -0.04  12910  -0.02
  11552   0.35  11719   -0.1  12937  -0.01
  11579    0.7  11742  -0.08  12964  -0.01
  11602    1.2  11767  -0.08  12992  -0.05
  11626   1.55  11790  -0.08  13019  -0.11
  11650    1.6  11814   -0.1  13047  -0.11
  11673    1.2  11838  -0.08  13074  -0.05
  11697   0.85  11862  -0.04  13102   0.02
  11720    0.7  11886      0  13130   0.04
  11744    0.6  11910   0.04  13157  -0.03
  11767    0.4  11934   0.02  13185  -0.09
  11791    0.3  11958  -0.06  13213  -0.05
  11814    0.3  11982  -0.08  13240  -0.03
  11838    0.4  12005  -0.06  13268  -0.05
  11861      0  12030  -0.08  13296  -0.07
  11885  -0.45  12053  -0.12  13326  -0.13
  11909   -0.8  12081   -0.1  13354  -0.15
  11932   -0.9  12105  -0.12  13382  -0.11
  11956  -1.15  12129  -0.12  13409  -0.13
  11980  -1.35  12153   -0.1  13437  -0.15
  12004  -1.55  12176   -0.1  13464  -0.21
  12027  -1.65  12201  -0.14  13491  -0.22
  12054  -1.45  12224  -0.18  13519  -0.27
  12078   -1.2  12248   -0.2  13547  -0.23
  12101  -0.95  12272   -0.2  13574  -0.23
  12125   -0.7  12296  -0.14  13602  -0.24
  12148   -0.5  12321  -0.14  13629  -0.28
  12172  -0.25  12344  -0.06  13657  -0.27
  12196  -0.05  12368  -0.04  13685   -0.3
  12220      0  12392  -0.04  13712  -0.32
  12243   0.15  12416  -0.08  13740  -0.29
  12267    0.1  12440  -0.08  13768  -0.29
  12291   0.05  12464  -0.04  13795  -0.31
  12314  -0.05  12488   0.04  13823  -0.33
  12338  -0.15  12512   0.04  13851  -0.29
  12361   -0.1  12539   0.04  13882  -0.31
  12385  -0.05  12563      0  13910  -0.33
  12408      0  12587  -0.04  13938  -0.29
  12432   0.25  12610  -0.06  13965  -0.27
  12455   0.45  12635  -0.06  13993  -0.29
  12479    0.8  12659  -0.02  14021  -0.24
  12503      1  12683  -0.02  14048  -0.23
  12529    0.6  12707      0  14076  -0.23
  12553  -0.05  12730  -0.04  14104   -0.2
  12576  -0.65  12754  -0.06  14131  -0.19
  12600   -1.2  12778  -0.06  14159  -0.21
  12623  -1.45  12802  -0.08  14187  -0.18
  12648  -1.65  12826  -0.12  14214  -0.21
  12671   -1.7  12850  -0.12  14241  -0.18
  12695  -1.45  12874  -0.14  14268  -0.22
  12719   -1.2  12898  -0.14  14296  -0.25
  12742  -0.95  12922   -0.1  14324  -0.23
  12766  -0.95  12945   -0.1  14351  -0.25
  12789  -0.95  12970  -0.06  14379  -0.23
  12813   -0.8  13040  -0.08  14411  -0.25
  12836   -0.6  13067   -0.1  14438  -0.29
  12860   -0.4  13092   -0.1  14466  -0.29
  12883   -0.2  13115  -0.14  14494  -0.31
  12907   -0.1  13139  -0.16  14521  -0.28
  12977   -0.3  13163  -0.18  14549  -0.29
  13000  -0.65  13187  -0.16  14577  -0.28
  13027   -0.6  13210   -0.1  14604  -0.27
  13050   -0.4  13235  -0.08  14632  -0.29
  13074  -0.05  13259  -0.04  14660  -0.25
  13098   0.05  13282  -0.02  14687  -0.29
  13122    0.3  13307      0  14715  -0.27
  13146    0.4  13330      0  14743   -0.3
  13169   0.45  13354   0.02  14770  -0.25
  13193    0.4  13377   0.04  14798  -0.25
  13216    0.1  13402   0.06  14826  -0.21
  13240  -0.35  13426   0.08  14853  -0.24
  13263  -0.45  13449    0.1  14881  -0.24
  13287   -0.2  13474    0.1  14908  -0.26
  13310   0.15  13497    0.1  14939  -0.25
  13334   0.25  13521    0.1  14967  -0.29
  13358   0.15  13548   0.12  14994  -0.29
  13381   0.05  13572   0.12  15022  -0.29
  13405      0  13596    0.1  15050  -0.29
  13428  -0.05  13619   0.08  15077  -0.27
  13452    0.1  13644   0.08  15105   -0.3
  13475   0.15  13667   0.08  15144  -0.27
  13502   0.15  13691   0.06  15172  -0.29
  13525   0.05  13714   0.02  15199  -0.25
  13549  -0.15  13739  -0.02  15227  -0.29
  13573   0.05  13762  -0.02  15255   -0.3
  13596   0.15  13786  -0.02  15282  -0.31
  13620   0.25  13810      0  15310  -0.31
  13643   0.05  13834  -0.02  15338  -0.29
  13667  -0.15  13858      0  15365  -0.31
  13690      0  13881  -0.02  15393  -0.34
  13714    0.3  13906   0.02  15420  -0.29
  13737    0.3  13929   0.02  15448  -0.31
  13761   0.05  13953   0.02  15476  -0.31
  13785      0  13976   0.04  15508   -0.3
  13808    0.1  14001   0.04  15535  -0.33
  13832    0.2  14028   0.08  15562  -0.32
  13855   0.05  14051   0.06  15589  -0.33
  13879    0.1  14076   0.12  15617  -0.35
  13902   0.05  14099   0.12  15645  -0.33
  13926   -0.2  14123   0.14  15672  -0.33
  13949  -0.05  14146   0.16  15700  -0.33
  13976   -0.2  14171   0.14  15728  -0.29
  14000  -0.25  14195   0.14  15755   -0.3
  14023   0.05  14218   0.08  15783  -0.31
  14047   0.05  14242    0.1  15811  -0.28
  14070   -0.2  14266   0.06  15838  -0.28
  14094   -0.2  14290   0.06  15866  -0.29
  14117   -0.1  14313   0.02  15894   -0.3
  14141   -0.1  14338   0.08  15921   -0.3
  14164  -0.15  14361   0.08  15949  -0.28
  14188  -0.15  14385   0.08  15977   -0.3
  14212   -0.3  14409   0.08  16004  -0.31
  14235      0  14433   0.02  16035  -0.29
  14259      0  14457   0.04  16063  -0.28
  14282  -0.25  14480  -0.02  16090  -0.31
  14306  -0.15  14505  -0.02  16118  -0.31
  14336    0.1  14539      0  16153  -0.27
  14360  -0.05  14563   0.02  16180  -0.28
  14385  -0.25  14587      0  16208   -0.3
  14408   0.15  14610   0.02  16236  -0.28
  14432   0.15  14634  -0.06  16263  -0.27
  14458    0.3  14658  -0.04  16291  -0.27
  14482   0.25  14682  -0.08  16319  -0.28
  14505    0.1  14706  -0.02  16346   -0.3
  14529    0.2  14730  -0.02  16374  -0.27
  14553   0.15  14754  -0.04  16401  -0.26
  14576   0.15  14778  -0.02  16428  -0.23
  14600   0.15  14802  -0.04  16456  -0.23
  14623   0.15  14825  -0.04  16483  -0.24
  14647    0.2  14850  -0.12  16511  -0.26
  14670   0.05  14873  -0.08  16539  -0.25
  14694   0.35  14897   -0.1  16569  -0.22
  14717    0.2  14922  -0.04  16597  -0.22
  14741    0.1  14945  -0.04  16625  -0.24
  14765    0.4  14969  -0.04  16652  -0.26
  14788   0.15  14996   0.02  16680  -0.26
  14812   0.15  15021   0.02  16708  -0.23
  14835   0.05  15044    0.1  16735  -0.22
  14859    0.3  15068   0.08  16763  -0.21
  14882   0.15  15139   0.06  16791  -0.23
  14906    0.1  15163   0.02  16818  -0.26
  14932  -0.25  15187   0.02  16846  -0.26
  14956  -0.05  15210   0.04  16873  -0.25
  14980   -0.1  15235   0.06  16900  -0.21
  15003   -0.2  15258   0.04  16928  -0.25
  15073    0.1  15282      0  16955  -0.22
  15096   -0.2  15306  -0.02  16983  -0.23
  15120  -0.05  15330  -0.08  17011  -0.25
  15143      0  15354  -0.04  17038  -0.28
  15167   0.05  15377  -0.06  17066  -0.28
  15191    0.1  15402      0  17094  -0.28
  15214      0  15425  -0.04  17124  -0.26
  15238      0  15449  -0.04  17152  -0.25
  15261   0.05  15474  -0.02  17180  -0.24
  15285   -0.1  15497  -0.02  17207  -0.24
  15308   0.05  15525   0.04  17235  -0.25
  15332  -0.05  15548  -0.04  17262  -0.27
  15355  -0.05  15573      0  17289  -0.29
  15379  -0.15  15596      0  17317  -0.29
  15402   -0.2  15620  -0.02  17345  -0.29
  15426  -0.15  15644  -0.02  17372  -0.28
  15453    0.2  15668  -0.12  17400  -0.25
  15476  -0.05  15692  -0.04  17428  -0.23
  15500    0.1  15715  -0.06  17455  -0.22
  15523      0  15740   0.02  17483  -0.21
  15547  -0.05  15763   0.08  17510   -0.2
  15570   0.05  15787  -0.04  17537  -0.17
  15594  -0.05  15811  -0.06  17565  -0.15
  15618   0.05  15835  -0.02  17592  -0.13
  15641  -0.05  15860  -0.04  17620  -0.12
  15665  -0.05  15883   0.08  17651  -0.11
  15688   -0.1  15907  -0.04  17678  -0.09
  15712      0  15931      0  17706  -0.08
  15735  -0.05  15955  -0.04  17734  -0.08
  15759   0.05  15978  -0.04  17760  -0.08
  15782   -0.1  16006      0  17788  -0.06
  15806   0.05  16030   0.02  17816  -0.06
  15829      0  16053   0.02  17843  -0.05
  15853   0.05  16078   0.02  17871  -0.05
  15877   0.05  16101   0.04  17898  -0.04
  15900   0.05  16125   0.02  17925  -0.03
  15927   -0.1  16149    0.1  17953  -0.03
  15950   0.05  16173  -0.06  17980  -0.02
  15974  -0.05  16196  -0.06  18008  -0.01
  15997    0.1  16221   0.02  18035   0.02
  16021   -0.1  16245   0.02  18062   0.02
  16045   0.15  16268  -0.04  18090   0.01
  16068   0.05  16293  -0.08  18118      0
  16092      0  16316  -0.06  18144  -0.01
  16115    0.1  16340  -0.02  18172  -0.02
  16139  -0.05  16364      0  18203  -0.04
  16162   0.05  16388  -0.08  18230  -0.05
  16186  -0.05  16412  -0.08  18258  -0.07
  16209      0  16436  -0.04  18286  -0.09
  16233      0  16460   -0.1  18313  -0.09
  16256      0  16487   -0.1  18340  -0.09
  16280      0  16511  -0.18  18368  -0.08
  16303    0.1  16534  -0.12  18395  -0.06
  16326  -0.05  16559  -0.12  18423  -0.05
  16350   0.15  16583   -0.1  18449  -0.03
  16373   0.05  16606  -0.18  18477  -0.02
  16401   -0.1  16631  -0.12  18505  -0.01
  16424  -0.05  16654  -0.08  18544  -0.01
  16448   0.05  16679  -0.06  18571  -0.02
  16472   -0.1  16702   -0.1  18599      0
  16495   0.15  16726  -0.08  18626   0.02
  16519  -0.05  16750  -0.04  18653   0.02
  16542   -0.1  16774  -0.04  18681   0.03
  16566   0.05  16798   -0.1  18709   0.02
  16589   -0.1  16822  -0.06  18739   0.02
  16613  -0.05  16846  -0.02  18766      0
  16636      0  16869  -0.04  18794   0.01
  16660      0  16894  -0.02  18821  -0.02
  16684  -0.05  16917   0.02  18848  -0.02
  16707      0  16941   -0.1  18875  -0.01
  16731   0.05  16969  -0.16  18903   0.01
  16754  -0.15  16992  -0.18  18931   0.04
  16778   0.05  17017  -0.08  18957   0.03
  16801   0.15  17040  -0.08  18985  -0.02
  16825  -0.15  17065  -0.22  19013  -0.02
  16848   0.05  17088  -0.22  19040  -0.02
  16875    0.3  17112  -0.04  19067   0.01
  16899    0.3  17136  -0.14  19095   0.03
  16922    0.1  17160  -0.16  19122   0.03
  16946    0.2  17231  -0.28  19150   0.03
  16969   0.15  17254  -0.26  19177   0.05
  16993   0.05  17279  -0.24  19204   0.06
  17016   0.15  17302  -0.34  19232   0.02
  17040   0.15  17327  -0.34  19258   0.01
  17063    0.1  17351  -0.18  19289  -0.01
  17087   0.15  17374  -0.28  19317  -0.02
  17157   -0.1  17399  -0.36  19344  -0.03
  17180  -0.05  17422  -0.14  19372  -0.03
  17204    0.1  17446  -0.22  19399      0
  17227   -0.1  17473  -0.26  19426   0.03
  17251  -0.05  17497  -0.44  19454   0.01
  17274   0.05  17522  -0.34  19482  -0.01
  17298      0  17545  -0.26  19508   0.01
  17329   -0.1  17576  -0.32  19543   0.05
  17352   0.05  17600  -0.32  19571   0.05
  17376   0.05  17624  -0.28  19598   0.07
  17402      0  17648  -0.26  19625    0.1
  17426   0.05  17672  -0.28  19653   0.09
  17449    0.2  17696   -0.3  19680   0.05
  17473    0.1  17720  -0.28  19707   0.05
  17497   0.05  17744  -0.26  19735   0.08
  17520    0.2  17767  -0.08  19762   0.07
  17544    0.2  17792  -0.16  19790   0.03
  17567    0.1  17815  -0.24  19817   0.04
  17591    0.1  17840  -0.16  19847      0
  17614   0.25  17864  -0.18  19875  -0.02
  17638    0.4  17887   -0.2  19903  -0.01
  17661   0.25  17912  -0.16  19929  -0.01
  17685    0.1  17935  -0.22  19957  -0.05
  17709   0.15  17963   -0.1  19984   -0.1
  17732    0.3  17986  -0.28  20011  -0.09
  17756   0.25  18010  -0.22  20039  -0.09
  17779    0.1  18034  -0.16  20066   -0.1
  17803   0.15  18058   -0.3  20094  -0.13
  17825   0.15  18082  -0.32  20121  -0.17
  17849    0.1  18105  -0.28  20148  -0.17
  17876   0.05  18130  -0.34  20176  -0.15
  17900      0  18153  -0.32  20204  -0.15
  17923      0  18177   -0.3  20231  -0.19
  17946    0.1  18201  -0.34  20258   -0.2
  17970      0  18225  -0.24  20285  -0.19
  17993  -0.05  18249  -0.02  20313  -0.15
  18017      0  18272  -0.28  20341  -0.11
  18040   0.05  18297  -0.24  20372  -0.11
  18064   0.15  18320  -0.06  20398  -0.09
  18086      0  18344  -0.22  20426  -0.04
  18110  -0.05  18368   -0.2  20453  -0.05
  18133   0.05  18392  -0.12  20481  -0.09
  18157   0.15  18420      0  20509  -0.12
  18181    0.2  18443  -0.04  20536  -0.16
  18204    0.1  18467  -0.02  20563  -0.15
  18228      0  18491  -0.04  20591  -0.13
  18250   0.05  18515  -0.04  20618  -0.12
  18274    0.1  18538   0.04  20646  -0.11
  18297   0.15  18563  -0.02  20674  -0.12
  18321   0.15  18586  -0.06  20701  -0.14
  18344   0.15  18611   0.06  20729  -0.17
  18366   0.05  18635   -0.1  20757  -0.18
  18389   0.05  18658  -0.02  20783  -0.15
  18413    0.1  18683      0  20811  -0.13
  18437   0.25  18706   0.04  20838  -0.08
  18460   0.35  18731    0.1  20866  -0.04
  18484   0.35  18754      0  20894  -0.01
  18507   0.25  18778      0  20924      0
  18531    0.2  18803   0.14  20952   0.03
  18554   0.15  18826  -0.08  20980   0.08
  18578    0.1  18850   0.02  21007   0.12
  18601    0.1  18874   0.08  21035   0.14
  18625   0.05  18898  -0.12  21063   0.15
  18649   0.05  18925   -0.2  21090   0.19
  18672    0.1  18950   -0.2  21118   0.15
  18696    0.3  18974   -0.2  21146   0.14
  18719    0.3  18997  -0.32  21173    0.1
  18743   0.35  19022  -0.18  21200   0.05
  18766    0.2  19045  -0.32  21228      0
  18790   0.15  19070   -0.3  21255  -0.05
  18813   0.05  19093  -0.34  21283  -0.11
  18840    0.2  19118  -0.46  21311  -0.13
  18864    0.2  19141  -0.26  21338  -0.18
  18887    0.2  19166  -0.48  21366  -0.23
  18911   0.05  19190  -0.24  21393  -0.24
  18934      0  19214   -0.3  21421  -0.26
  18959  -0.15  19238  -0.38  21449   -0.3
  18982   -0.1  19262  -0.14  21481  -0.29
  19006   -0.2  19333  -0.04  21508  -0.31
  19029   -0.1  19358   -0.3  21535  -0.29
  19053   -0.1  19381  -0.02  21563   -0.3
  19077   -0.1  19405  -0.18  21590  -0.32
  19100  -0.15  19432  -0.22  21618  -0.33
  19124   -0.2  19457  -0.16  21645  -0.36
  19147   -0.3  19480  -0.14  21673  -0.39
  19171   -0.4  19505  -0.38  21701   -0.4
  19240  -0.35  19529  -0.08  21728  -0.44
  19265   -0.4  19553  -0.22  21756  -0.45
  19289  -0.25  19577  -0.18  21784  -0.45
  19312  -0.25  19601  -0.08  21812  -0.49
  19336  -0.15  19625  -0.22  21840  -0.51
  19357  -0.25  19649  -0.08  21868   -0.5
  19381  -0.15  19673   -0.4  21895  -0.51
  19404   -0.2  19698  -0.12  21934  -0.57
  19428      0  19721  -0.28  21962  -0.63
  19451  -0.05  19745  -0.28  21989  -0.69
  19475   0.15  19769   -0.1  22020  -0.64
  19498   0.15  19793  -0.36  22048  -0.59
  19522    0.3  19817  -0.28  22075  -0.56
  19546    0.3  19841  -0.28  22103  -0.52
  19569   0.45  19865  -0.26  22132  -0.49
  19593   0.45  19889   -0.3  22159  -0.47
  19616   0.55  19917  -0.36  22187  -0.43
  19640   0.55  19941  -0.42  22215  -0.43
  19663    0.6  19965  -0.26  22242  -0.43
  19687    0.6  19989  -0.46  22270   -0.4
  19710   0.55  20013  -0.28  22298  -0.39
  19734   0.55  20037  -0.44  22325  -0.43
  19758    0.5  20061   -0.5  22353  -0.43
  19781    0.5  20086  -0.36  22381  -0.46
  19805   0.45  20109   -0.4  22408  -0.46
  19832   0.55  20134  -0.42  22436  -0.48
  19856   0.45  20157  -0.38  22464  -0.51
  19879    0.5  20182   -0.1  22491  -0.54
  19903    0.4  20205  -0.32  22519  -0.58
  19927    0.4  20230  -0.26  22550  -0.54
  19950    0.3  20254  -0.28  22577  -0.49
  19974    0.2  20278  -0.24  22605  -0.43
  19997   0.15  20302  -0.28  22633  -0.38
  20021   0.05  20326  -0.24  22660  -0.35
  20044  -0.05  20350   -0.2  22688  -0.35
  20068  -0.15  20377  -0.08  22715  -0.33
  20091   -0.2  20402  -0.32  22743  -0.33
  20115   -0.3  20426  -0.02  22771  -0.37
  20138  -0.25  20449   -0.3  22798  -0.37
  20162  -0.25  20474  -0.18  22826  -0.37
  20186  -0.15  20497  -0.26  22854  -0.42
  20209  -0.15  20522   -0.3  22882   -0.5
  20234  -0.05  20545  -0.46  22910  -0.57
  20257  -0.05  20577  -0.26  22938  -0.64
  20281      0  20601  -0.38  22972  -0.68
  20315   -0.2  20625  -0.32  23000  -0.65
  20338  -0.15  20649  -0.26  23028  -0.66
  20362  -0.25  20673  -0.34  23055  -0.65
  20385  -0.15  20697   -0.3  23083  -0.61
  20410   -0.1  20722   -0.3  23115  -0.69
  20433      0  20745  -0.28  23142  -0.76
  20457   0.15  20770  -0.36  23170  -0.78
  20480    0.1  20793  -0.36  23198  -0.85
  20504    0.2  20818   -0.4  23225   -0.9
  20528    0.1  20841  -0.32  23253  -0.92
  20551    0.2  20869   -0.4  23281  -0.99
  20575   0.15  20894   -0.2  23308     -1
  20598   0.25  20917  -0.36  23336  -0.95
  20622    0.2  20942  -0.22  23364  -0.91
  20645    0.2  20965  -0.42  23391  -0.89
  20669   0.15  20989  -0.36  23419   -0.8
  20692   0.15  21013  -0.32  23448  -0.76
  20716   0.15  21037  -0.28  23475  -0.68
  20740   0.15  21061  -0.36  23503  -0.65
  20763    0.2  21085  -0.34  23531  -0.65
  20790   0.35  21110   -0.4  23558  -0.67
  20814    0.3  21133  -0.22  23586  -0.71
  20838   0.55  21158  -0.24  23613  -0.79
  20861    0.4  21181  -0.28  23644  -0.71
  20885   0.45  21206  -0.18  23672  -0.67
  20909   0.15  21229   -0.4  23700  -0.67
  20932    0.1  21254  -0.14  23727  -0.65
  20956   0.15  21278  -0.18  23755  -0.64
  20979    0.1  21302  -0.16  23783  -0.69
  21003    0.4  21326  -0.18  23811  -0.75
  21026    0.4  21353  -0.34  23839  -0.79
  21050   0.55  21424  -0.12  23866  -0.83
  21073   0.55  21449  -0.42  23894  -0.89
  21097   0.45  21472  -0.12  23922  -0.98
  21120   0.45  21497   -0.3  23949  -1.01
  21144   0.15  21520   -0.1  23977  -0.96
  21168   0.15  21545  -0.24  24005  -0.92
  21191    0.2  21568  -0.16  24032  -0.84
  21215   0.25  21593  -0.18  24061  -0.77
  21238   0.35  21616  -0.22  24089  -0.75
  21266    0.3  21641  -0.24  24116  -0.73
  21336   0.35  21665  -0.22  24144  -0.66
  21359   0.35  21688  -0.28  24172  -0.63
  21383    0.2  21713  -0.22  24202  -0.61
  21406    0.1  21736   -0.2  24230  -0.56
  21430    0.2  21761  -0.24  24258  -0.51
  21453    0.2  21784  -0.16  24285  -0.44
  21477    0.4  21809  -0.14  24313   -0.4
  21500    0.5  21833  -0.16  24341  -0.43
  21524    0.3  21860  -0.06  24369  -0.46
  21548    0.3  21884  -0.14  24397  -0.52
  21571   -0.1  21908   -0.1  24425  -0.56
  21595  -0.05  21932   -0.1  24452  -0.57
  21618    0.2  21956  -0.14  24480  -0.63
  21642    0.3  21980  -0.14  24507  -0.67
  21665   0.65  22005  -0.16  24535  -0.67
  21689    0.5  22028  -0.18  24563  -0.65
  21712    0.3  22053  -0.14  24590  -0.63
  21736   0.35  22076  -0.22  24618  -0.62
  21759    0.3  22101  -0.12  24646  -0.61
  21787   0.05  22124  -0.34  24673  -0.57
  21811    0.1  22149  -0.22  24701  -0.56
  21834   -0.1  22173  -0.32  24733  -0.47
  21858   0.15  22197  -0.24  24760  -0.43
  21881   0.15  22221  -0.26  24788  -0.43
  21905      0  22244  -0.26  24816  -0.42
  21928   -0.1  22269   -0.1  24843  -0.45
  21952  -0.15  22292  -0.26  24871  -0.51
  21976  -0.15  22317  -0.06  24899  -0.54
  21999   -0.2  22345  -0.26  24926  -0.58
  22023   -0.2  22368   -0.1  24954  -0.59
  22046   -0.1  22393  -0.22  24982  -0.59
  22070  -0.05  22416  -0.18  25009  -0.61
  22094   0.05  22440  -0.22  25038  -0.61
  22118  -0.15  22464  -0.22  25066  -0.62
  22141   -0.3  22488  -0.12  25093  -0.63
  22165   -0.2  22512   -0.2  25121  -0.65
  22189   -0.1  22536  -0.22  25148  -0.71
  22212      0  22561  -0.28  25176  -0.81
  22236   -0.1  22584  -0.18  25204  -0.91
  22262    0.3  22609  -0.14  25231  -0.97
  22286   0.25  22632  -0.18  25259  -0.97
  22309   0.35  22656  -0.12  25285  -1.05
  22333   0.05  22680   -0.1  25324  -1.09
  22357   0.05  22704  -0.16  25351  -1.14
  22381   0.55  22729  -0.08  25380  -1.13
  22405    0.6  22752  -0.24  25408  -1.08
  22428    0.2  22777  -0.06  25435  -0.99
  22452    0.2  22800  -0.26  25463   -0.9
  22475   0.25  22828  -0.38  25490   -0.8
  22499   0.25  22852   -0.3  25518  -0.77
  22522    0.5  22876  -0.38  25546  -0.77
  22546   0.05  22900  -0.38  25573  -0.78
  22569  -0.15  22924  -0.34  25601  -0.82
  22593    0.2  22948  -0.38  25629  -0.79
  22617   0.25  22972  -0.34  25656  -0.75
  22640   0.05  22996  -0.44  25684  -0.73
  22664   0.05  23020  -0.42  25712  -0.67
  22687      0  23044  -0.44  25739  -0.63
  22711      0  23069  -0.52  25767  -0.64
  22738      0  23092  -0.46  25796  -0.68
  22762   0.15  23117  -0.48  25826  -0.63
  22786      0  23140  -0.44  25854  -0.58
  22809    0.1  23164  -0.44  25882  -0.55
  22833   0.35  23188  -0.48  25909  -0.58
  22856    0.2  23212  -0.46  25937  -0.58
  22880    0.1  23236  -0.48  25965  -0.61
  22903    0.3  23260  -0.44  25992  -0.61
  22927   0.25  23288   -0.2  26020  -0.53
  22950    0.3  23312  -0.46  26048   -0.5
  22974   0.45  23336  -0.22  26075  -0.49
  22997    0.1  23360  -0.36  26103   -0.5
  23021    0.4  23384  -0.22  26130  -0.49
  23045   0.65  23407  -0.34  26158   -0.5
  23068    0.4  23432  -0.24  26186  -0.45
  23092   0.05  23503  -0.34  26213  -0.47
  23115    0.5  23527  -0.44  26241  -0.47
  23139    0.6  23551  -0.32  26269  -0.47
  23162    0.3  23574  -0.48  26296  -0.53
  23186   0.25  23599  -0.28  26324  -0.58
  23209    0.1  23630  -0.46  26356  -0.55
  23237   -0.3  23654  -0.32  26391  -0.57
  23268   -0.1  23678  -0.54  26418  -0.63
  23291    0.2  23702  -0.42  26446  -0.68
  23315  -0.25  23726  -0.48  26474  -0.74
  23338  -0.35  23751  -0.48  26501  -0.72
  23408   0.05  23774  -0.46  26529  -0.66
  23432  -0.15  23799  -0.54  26556  -0.63
  23455  -0.15  23826  -0.66  26584  -0.61
  23479   0.05  23850  -0.58  26612  -0.65
  23502  -0.05  23873  -0.68  26639  -0.65
  23526  -0.15  23898  -0.62  26667  -0.61
  23549      0  23922  -0.68  26695  -0.55
  23573   -0.1  23946  -0.72  26722  -0.49
  23597  -0.15  23970  -0.66  26750  -0.52
  23620      0  23994  -0.78  26778  -0.61
  23644   -0.1  24018  -0.56  26806  -0.68
  23667   -0.1  24042  -0.84  26834  -0.75
  23691  -0.35  24066  -0.52  26862  -0.75
  23715  -0.25  24090  -0.52  26889  -0.72
  23739   -0.1  24114  -0.52  26920  -0.74
  23765   -0.1  24139  -0.52  26948  -0.73
  23789   -0.1  24162  -0.54  26975  -0.67
  23813  -0.15  24186  -0.48  27003  -0.65
  23836  -0.15  24210  -0.56  27031  -0.67
  23860   -0.2  24234  -0.42  27058  -0.67
  23883  -0.35  24258  -0.58  27086   -0.6
  23908   -0.1  24286  -0.68  27114  -0.51
  23931  -0.45  24310  -0.56  27141   -0.4
  23955  -0.55  24334  -0.68  27169  -0.36
  23978  -0.55  24358  -0.58  27196  -0.39
  24002   -0.4  24381  -0.68  27225  -0.42
  24026  -0.45  24406  -0.66  27253  -0.47
  24049  -0.55  24429  -0.64  27280  -0.48
  24073  -0.55  24454  -0.62  27308  -0.39
  24096   -0.5  24478  -0.64  27336  -0.29
  24120  -0.45  24502   -0.6  27363  -0.25
  24143  -0.45  24526   -0.7  27391  -0.23
  24168   -0.3  24550   -0.8  27419  -0.19
  24191  -0.35  24574   -0.7  27449  -0.19
  24218   -0.8  24597  -0.68  27477   -0.2
  24242   -0.3  24622  -0.82  27505  -0.21
  24265  -0.45  24645  -0.66  27532   -0.2
  24289  -0.95  24670   -0.8  27560  -0.21
  24312  -0.65  24694  -0.64  27588  -0.25
  24336   -0.4  24718  -0.72  27616  -0.34
  24359  -0.65  24742  -0.66  27644  -0.42
  24383   -0.7  24769   -0.8  27672  -0.47
  24408   -0.1  24793  -0.54  27699  -0.47
  24431  -0.25  24818   -0.8  27727  -0.44
  24455  -0.55  24841  -0.52  27755  -0.42
  24478  -0.15  24866  -0.84  27782  -0.45
  24502   -0.1  24889  -0.56  27810  -0.41
  24525   -0.5  24914  -0.66  27837  -0.47
  24549  -0.45  24937  -0.66  27865  -0.47
  24572  -0.15  24961  -0.62  27893  -0.49
  24596   -0.3  24985  -0.76  27920  -0.52
  24620  -0.55  25009  -0.58  27948  -0.57
  24643   -0.1  25034  -0.48  27980  -0.53
  24667   -0.1  25057   -0.6  28007  -0.53
  24694   0.45  25082   -0.4  28035  -0.51
  24718  -0.15  25105  -0.64  28063  -0.44
  24741  -0.25  25129  -0.34  28090  -0.35
  24765   0.45  25153  -0.52  28118  -0.27
  24788    0.1  25177  -0.36  28146  -0.23
  24812  -0.25  25202   -0.4  28173  -0.27
  24836    0.2  25225  -0.52  28201  -0.32
  24859   0.25  25253  -0.58  28229  -0.35
  24883  -0.15  25276  -0.62  28256  -0.37
  24906    0.1  25301   -0.5  28284  -0.42
  24930    0.4  25324  -0.64  28312  -0.45
  24953      0  25349  -0.38  28339  -0.51
  24977   -0.1  25373  -0.62  28367  -0.49
  25000    0.3  25397  -0.48  28395  -0.49
  25024   0.15  25421  -0.64  28422  -0.53
  25048      0  25444  -0.56  28450  -0.59
  25071    0.3  25469   -0.5  28477  -0.65
  25095    0.2  25492  -0.38  28505  -0.67
  25118   0.05  25517  -0.42  28537  -0.65
  25142    0.3  25540  -0.48  28565  -0.67
  25168   0.15  25611   -0.4  28592   -0.6
  25192   0.55  25636  -0.46  28620  -0.49
  25215   0.25  25659  -0.38  28647  -0.44
  25239    0.1  25684  -0.42  28675  -0.42
  25263   0.65  25707  -0.46  28703  -0.43
  25286    0.4  25732  -0.48  28742  -0.52
  25310    0.3  25759  -0.32  28769  -0.55
  25334   0.55  25783  -0.28  28797  -0.57
  25358    0.3  25807  -0.44  28826  -0.59
  25381    0.1  25831   -0.3  28853  -0.61
  25405   0.25  25855  -0.46  28881  -0.64
  25428    0.1  25879  -0.34  28909  -0.63
  25498  -0.15  25903  -0.38  28936  -0.65
  25522  -0.25  25927  -0.42  28964  -0.69
  25545   0.25  25951  -0.38  28992  -0.71
  25569   -0.1  25975   -0.4  29019  -0.76
  25592  -0.25  25999  -0.44  29047  -0.74
  25616   0.25  26023  -0.32  29079   -0.7
  25639  -0.25  26046  -0.58  29106  -0.67
  25663   -0.5  26071  -0.36  29134   -0.6
  25690  -0.85  26094  -0.52  29162  -0.55
  25713  -0.65  26119  -0.42  29189  -0.57
  25737   -0.6  26143  -0.36  29217  -0.59
  25760  -0.85  26167  -0.48  29244  -0.65
  25785  -0.85  26191  -0.34  29272  -0.67
  25808  -0.75  26214  -0.44  29300  -0.63
  25832   -0.9  26242  -0.28  29327  -0.63
  25855  -0.95  26266  -0.54  29355  -0.64
  25879  -0.95  26290  -0.36  29383  -0.58
  25903   -0.8  26315  -0.48  29410  -0.51
  25926  -0.75  26338   -0.5  29438  -0.45
  25950  -0.75  26362  -0.34  29466  -0.48
  25973   -0.2  26386  -0.64  29493  -0.44
  25997   -0.2  26410   -0.4  29521  -0.39
  26020   -0.7  26434  -0.56  29549  -0.31
  26044      0  26458  -0.54  29576  -0.23
  26067  -0.45  26482  -0.38  29608  -0.25
  26091     -1  26506  -0.38  29636  -0.25
  26115   -0.2  26530  -0.38  29663   -0.3
  26138  -0.65  26554  -0.32  29691  -0.35
  26166  -0.65  26578  -0.36  29719  -0.38
  26189   -1.2  26602  -0.32  29746  -0.32
  26213  -0.55  26626  -0.34  29774  -0.24
  26236  -0.75  26657  -0.42  29802  -0.18
  26267  -0.75  26681   -0.2  29836  -0.23
  26291   -0.4  26705   -0.5  29864  -0.24
  26314   -0.7  26732  -0.62  29892  -0.25
  26338  -0.55  26757  -0.56  29919  -0.27
  26361  -0.45  26781  -0.64  29947  -0.31
  26385  -0.45  26804  -0.54  29975  -0.35
  26409   -0.5  26829  -0.54    //m    //m
  26433  -0.45  26852  -0.64    //m    //m
  26457   -0.4  26877  -0.58    //m    //m
  26480  -0.55  26900   -0.6    //m    //m
  26504   -0.4  26925  -0.52    //m    //m
  26527   -0.4  26948   -0.5    //m    //m
  26551  -0.55  26972  -0.58    //m    //m
  26574   0.05  26997  -0.74    //m    //m
  26598   -0.3  27020  -0.48    //m    //m
  26624    0.4  27045  -0.74    //m    //m
  26648    0.3  27068  -0.56    //m    //m
  26672   0.85  27093  -0.52    //m    //m
  26695   0.25  27116  -0.74    //m    //m
  26719    0.4  27140  -0.42    //m    //m
  26742    0.4  27165  -0.62    //m    //m
  26766   -0.1  27192  -0.46    //m    //m
  26789    0.4  27216  -0.42    //m    //m
  26813   -0.1  27239   -0.4    //m    //m
  26836   -0.1  27264  -0.24    //m    //m
  26861      0  27287  -0.28    //m    //m
  26885   -0.6  27311  -0.24    //m    //m
  26908      0  27336  -0.26    //m    //m
  26932  -0.65  27359  -0.28    //m    //m
  26955  -0.65  27384  -0.28    //m    //m
  26979   -0.3  27407  -0.38    //m    //m
  27002   -1.1  27432  -0.26    //m    //m
  27026   -0.3  27455  -0.44    //m    //m
  27049     -1  27479  -0.18    //m    //m
  27073   -1.2  27503  -0.28    //m    //m
  27100   -1.9  27527  -0.32    //m    //m
  27123  -1.25  27552  -0.22    //m    //m
  27147  -1.85  27575   -0.4    //m    //m
  27170  -1.35  27600  -0.22    //m    //m
  27195  -1.45  27623   -0.3    //m    //m
  27218  -1.95  27694  -0.36    //m    //m
  27242  -1.25  27722  -0.42    //m    //m
  27266   -1.9  27745  -0.52    //m    //m
  27289  -1.35  27770  -0.24    //m    //m
  27313  -1.35  27793   -0.5    //m    //m
  27336  -1.65  27818  -0.42    //m    //m
  27360  -1.25  27841  -0.38    //m    //m
  27383  -1.55  27865  -0.58    //m    //m
  27407   -0.9  27890  -0.28    //m    //m
  27430   -1.2  27913  -0.48    //m    //m
  27454  -1.25  27938  -0.54    //m    //m
  27477  -1.05  27961  -0.26    //m    //m
  27501   -1.2  27986  -0.22    //m    //m
  27571  -0.65  28009  -0.18    //m    //m
  27594   -0.6  28033  -0.18    //m    //m
  27621  -0.05  28057  -0.22    //m    //m
  27644  -0.95  28081  -0.24    //m    //m
  27668   -0.3  28106   -0.2    //m    //m
  27693  -0.85  28129  -0.24    //m    //m
  27716  -0.25  28153  -0.24    //m    //m
  27740  -0.35  28177   -0.3    //m    //m
  27763   -0.6  28205  -0.62    //m    //m
  27787  -0.05  28228   -0.5    //m    //m
  27810  -0.65  28252   -0.4    //m    //m
  27834   0.05  28277  -0.62    //m    //m
  27857  -0.45  28300  -0.36    //m    //m
  27881   -0.1  28325  -0.54    //m    //m
  27904  -0.35  28348   -0.6    //m    //m
  27928   -0.7  28372  -0.36    //m    //m
  27952   -0.2  28396   -0.6    //m    //m
  27975   -0.6  28420  -0.46    //m    //m
  27999      0  28445   -0.5    //m    //m
  28022  -0.65  28468  -0.64    //m    //m
  28046  -0.45  28492  -0.68    //m    //m
  28069  -0.85  28516   -0.7    //m    //m
  28097   -1.4  28540  -0.82    //m    //m
  28121  -0.45  28564   -0.7    //m    //m
  28144  -0.65  28588  -0.72    //m    //m
  28168  -0.35  28611  -0.84    //m    //m
  28191   -0.7  28636  -0.66    //m    //m
  28215   -0.8  28664  -0.54    //m    //m
  28238  -0.45  28687  -0.76    //m    //m
  28262   -1.2  28711  -0.56    //m    //m
  28285   -0.6  28735  -0.62    //m    //m
  28309   -1.1  28759  -0.76    //m    //m
  28333  -0.45  28783  -0.56    //m    //m
  28356  -1.15  28807  -0.66    //m    //m
  28380   -0.9  28831  -0.62    //m    //m
  28403  -0.85  28855  -0.52    //m    //m
  28427  -1.35  28879  -0.72    //m    //m
  28450   -0.9  28903  -0.62    //m    //m
  28474  -1.65  28927  -0.42    //m    //m
  28497   -0.8  28950   -0.6    //m    //m
  28521   -1.8  28975  -0.62    //m    //m
  28549   -1.7  28999  -0.42    //m    //m
  28572   -1.1  29023  -0.64    //m    //m
  28596   -1.7  29047  -0.52    //m    //m
  28619  -1.65  29070  -0.54    //m    //m
  28643   -1.6  29095  -0.62    //m    //m
  28666   -1.6  29118   -0.4    //m    //m
  28690  -0.85  29146  -0.28    //m    //m
  28713   -1.6  29170  -0.42    //m    //m
  28737   -0.6  29194  -0.38    //m    //m
  28761  -1.55  29218  -0.36    //m    //m
  28784   -1.1  29242  -0.44    //m    //m
  28808   -1.8  29266  -0.34    //m    //m
  28831   -1.1  29289  -0.36    //m    //m
  28855  -1.05  29314  -0.42    //m    //m
  28878   -0.9  29337  -0.36    //m    //m
  28902  -0.75  29362  -0.48    //m    //m
  28925   -1.1  29386  -0.32    //m    //m
  28949   -0.8  29409      0    //m    //m
  28973   -1.5  29434   -0.2    //m    //m
  28996  -0.75  29457  -0.24    //m    //m
  29024  -0.05  29482  -0.04    //m    //m
  29047   -0.3  29505   -0.3    //m    //m
  29071   0.35  29529  -0.12    //m    //m
  29094  -0.35  29554  -0.06    //m    //m
  29118   0.05  29577   -0.3    //m    //m
  29141  -0.45  29602  -0.08    //m    //m
  29165  -0.55  29623  -0.22    //m    //m
  29189  -0.65  29654  -0.14    //m    //m
  29219  -0.65  29678  -0.04    //m    //m
  29243   -0.5  29702  -0.18    //m    //m
  29266   -0.5  29726  -0.04    //m    //m
  29290      0  29797   0.02    //m    //m
  29314   -0.2  29821  -0.18    //m    //m
  29337  -0.15  29844   0.06    //m    //m
  29361  -0.35  29869  -0.02    //m    //m
  29384   -0.1  29892  -0.02    //m    //m
  29408  -0.35  29917  -0.08    //m    //m
  29431  -0.25  29941  -0.08    //m    //m
  29455  -0.25  29964      0    //m    //m
  29478  -0.15  29989  -0.14    //m    //m
  29505  -0.15    //m    //m    //m    //m
  29529  -0.25    //m    //m    //m    //m
  29553  -0.35    //m    //m    //m    //m
  29577   -0.1    //m    //m    //m    //m
  29646   -0.3    //m    //m    //m    //m
  29670  -0.05    //m    //m    //m    //m
  29693      0    //m    //m    //m    //m
  29717   0.35    //m    //m    //m    //m
  29741    0.2    //m    //m    //m    //m
  29764    0.6    //m    //m    //m    //m
  29788    0.3    //m    //m    //m    //m
  29811   0.45    //m    //m    //m    //m
  29835    0.4    //m    //m    //m    //m
  29858    0.6    //m    //m    //m    //m
  29882   0.45    //m    //m    //m    //m
  29905    0.8    //m    //m    //m    //m
  29929   0.95    //m    //m    //m    //m
  29952      1    //m    //m    //m    //m
  29976    0.9    //m    //m    //m    //m
//nc                       ;end of curve

/sa m  4  2                ;mark, dash & color for column 2
//cwt  1  2                ;line weight
/td    "xy"                ;define the columns
/ac    "c:\users\james\james_davies_mphys_final_year\project - gyroscopic stabilisation\dissertation figures\angle measured filtered.pdf" ;file or eqn


******** x-axis ********
/et    x "\pt26/Time (milliseconds)" ;axis title
/or    x  -178  30021.7    ;axis range
/oaam  x ON                ;min tics
/oaamm x ON                ;maj tics
/ogs   x h                 ;grid style

******** y-axis ********
/et    y "\pt26/Measured Angle (degrees)" ;axis title
/or    y  -3.78211  3.2492 ;axis range
/oaam  y ON                ;min tics
/oaamm y ON                ;maj tics
/ogs   y h                 ;grid style

/et g  "\pt28/Measured Angle of a Clamped System with 
Different Rolling Average Sizes" ;graph title
/og    OFF                 ;grid

