******** EasyPlot save file ********
******** graph attributes   ********
/fpo  pd  8.00 6.00        ;page size
/sf   "Arial"              ;font
/sf   b   OFF              ;Bold
/sf   i   OFF              ;Italic
/sf   u   OFF              ;Underline
/fpo  pt  12.00            ;base point size
/fpo  gt  base             ;graph-title size
/fpo  at  base             ;axis-title size
/fpo  an  base             ;annotation size
/fpo  lt  base             ;legend-text size
/fpo  po  OFF              ;portrait mode
/fpo  co  OFF              ;color
/fpo  sc  ON               ;scale text by graph size
/fpo  lw  3.00             ;line weight
/sa   d   0.50             ;data mark size
/sa   t   1.00             ;tic size
/sa   b   0.00             ;bar separation
//angular_grid  15

******** open new graph     ********
//pos 0 0 1 1
/ag              
/st    OFF                 ;3D state

/sa m  3  2                ;mark, dash & color for column 2
//cwt  1  2                ;line weight
/sm    OFF                 ;data marks
/sc    ON                  ;connect points
/sd    OFF                 ;dashed lines
/sb    OFF                 ;bar
/se x  OFF                 ;X-error bars
/se y  OFF                 ;Y-error bars
/td    "xy"                ;define the columns
      0    0
   2543    0
   2565    0
   2589    0
   2612    0
   2635    0
   2658    0
   2682    0
   2704    0
   2728    0
   2752    0
   2774    0
   2798    0
   2821    0
   2845    0
   2867    0
   2891    0
   2914    0
   2937    0
   2960    0
   2984    0
   3007    0
   3033    0
   3057    0
   3080    0
   3103    0
   3126    0
   3150    0
   3173    0
   3196    0
   3220    0
   3243    0
   3267    0
   3289    0
   3313    0
   3336    0
   3360    0
   3382    0
   3406    0
   3429    0
   3452    0
   3476    0
   3499    0
   3526    0
   3549    0
   3572    0
   3595    0
   3619    0
   3642    0
   3665    0
   3689    0
   3712    0
   3736    0
   3758    0
   3782    0
   3805    0
   3829    0
   3851    0
   3875    0
   3898    0
   3921    0
   3945    0
   3968    0
   3992    0
   4018    0
   4042    0
   4064    0
   4088    0
   4111    0
   4134    0
   4158    0
   4181    0
   4205    0
   4227    0
   4251    0
   4274    0
   4298    0
   4320    0
   4344    0
   4367    0
   4390    0
   4414    0
   4437    0
   4461    0
   4483    0
   4511    0
   4533    0
   4602    0
   4625    0
   4648    0
   4672    0
   4695    0
   4719    0
   4741    0
   4765    0
   4788    1
   4812    0
   4834    0
   4858    0
   4881    0
   4905    0
   4928    0
   4951    0
   4975    0
   4997    0
   5021    0
   5044    0
   5071    0
   5094    0
   5117    0
   5141    0
   5164    0
   5188    0
   5210    0
   5234    0
   5257    0
   5281    1
   5303    0
   5327    0
   5350    0
   5374    0
   5404    0
   5427    0
   5451    0
   5474    0
   5498    0
   5520    0
   5544    0
   5571    0
   5594    0
   5618    0
   5640    0
   5664    1
   5687    0
   5711    0
   5733    0
   5757    0
   5781    0
   5804    0
   5827   -1
   5850    0
   5874    1
   5897    0
   5920    0
   5943    0
   5967    0
   5990    0
   6013    0
   6037    1
   6063    0
   6087    0
   6110    0
   6133    0
   6156    0
   6180    0
   6203    0
   6226    0
   6250    0
   6273    1
   6296    0
   6319    0
   6343   -1
   6366    1
   6390   -3
   6412    2
   6436   -1
   6459   -1
   6483    0
   6506   -2
   6532    0
   6556    1
   6579    0
   6603    0
   6625    0
   6694    0
   6718    1
   6741    0
   6764    0
   6787    0
   6811   -3
   6834   -1
   6857    3
   6880    2
   6904    2
   6927    1
   6950    1
   6974    1
   6997    1
   7021    0
   7043    0
   7070    4
   7093    3
   7117    3
   7140    2
   7163   -1
   7187   -3
   7210   -3
   7234   -2
   7256    0
   7280    0
   7303    0
   7327    0
   7349    0
   7373    1
   7396    3
   7419    0
   7443    0
   7466   -1
   7490    0
   7512    0
   7536    3
   7562    0
   7586   -3
   7609    0
   7632    3
   7656    0
   7679   -1
   7703    0
   7725    2
   7749    0
   7772   -1
   7796    0
   7818    1
   7842    1
   7865   -1
   7889    1
   7912    0
   7935   -1
   7959    1
   7982    0
   8005    0
   8028    2
   8055   -1
   8078    2
   8102   -2
   8125    1
   8148   -2
   8172    0
   8195    0
   8218   -1
   8241    1
   8265   -2
   8288    3
   8318    4
   8342   -2
   8365    2
   8389   -1
   8412    1
   8435   -1
   8458   -4
   8482    3
   8505   -5
   8532   -1
   8556    1
   8578   -5
   8602    6
   8625   -4
   8648   -4
   8671    7
   8695   -2
   8718   -4
   8787    3
   8810   -2
   8833   -1
   8857   -2
   8880    3
   8903    1
   8926   -8
   8950    9
   8972   -5
   8996    1
   9019   -7
   9043   10
   9070   11
   9093   -2
   9116    0
   9139  -13
   9163   12
   9186   -2
   9209    2
   9232  -13
   9256    2
   9280   10
   9302    2
   9326    1
   9349   -5
   9373  -12
   9395    0
   9419    9
   9442    6
   9466    1
   9488    0
   9512  -10
   9539    0
   9562  -10
   9586  -10
   9608   -3
   9632    5
   9655    7
   9679    5
   9701    3
   9725    1
   9749    0
   9771   -6
   9795   -9
   9818   -9
   9842   -5
   9864    0
   9888    5
   9911    5
   9935    6
   9957    4
   9981    3
  10005    4
  10031    6
  10055    6
  10077    6
  10101    5
  10124    6
  10148    4
  10170    3
  10194    2
  10218    3
  10240    2
  10264    2
  10287    3
  10311    2
  10333    2
  10357    1
  10380    3
  10404    2
  10426    2
  10450    4
  10474    4
  10500    0
  10524    0
  10546    0
  10570   -1
  10593   -5
  10617   -4
  10640   -5
  10663   -4
  10687   -2
  10710   -1
  10734    1
  10756    1
  10780    1
  10803    2
  10872    3
  10894    3
  10918    4
  10942    0
  10965   -2
  10988   -4
  11014    2
  11038    3
  11061    3
  11085    2
  11107    1
  11131   -4
  11155   -5
  11178   -4
  11201   -2
  11224    2
  11248    3
  11278   -1
  11302    2
  11325    3
  11348    3
  11372    1
  11395   -1
  11418   -4
  11441   -2
  11465    0
  11491    1
  11515   -2
  11539   -4
  11561   -1
  11585    0
  11608    2
  11632    3
  11654    1
  11678   -1
  11701   -3
  11725    0
  11747    3
  11771    2
  11795    2
  11817   -1
  11841   -3
  11864   -1
  11888    3
  11910    3
  11934    1
  11960    0
  11984    3
  12008    1
  12030   -1
  12054   -3
  12077    2
  12101    3
  12123    2
  12147   -2
  12170   -1
  12194    2
  12216    2
  12240   -2
  12264   -4
  12287    2
  12310    2
  12333   -1
  12357   -3
  12380    2
  12403    2
  12430    0
  12453    3
  12477    0
  12500   -4
  12524    3
  12546    1
  12570   -2
  12593    0
  12617    2
  12639    0
  12663   -2
  12686    3
  12710   -1
  12733   -3
  12756    3
  12780    0
  12803   -2
  12826    3
  12849   -1
  12873   -1
  12899   -2
  12968    0
  12991   -4
  13014    3
  13038    0
  13060   -4
  13084    4
  13107   -2
  13131    0
  13153    3
  13177   -4
  13200    3
  13224    0
  13247   -1
  13270    2
  13294   -3
  13317    2
  13340   -1
  13363   -1
  13387    2
  13413    3
  13437    0
  13460   -2
  13483    1
  13507   -3
  13530    3
  13553   -3
  13576    2
  13600    0
  13622   -1
  13646    0
  13669   -3
  13693    3
  13716   -3
  13739    3
  13763   -3
  13786    2
  13809   -3
  13832    2
  13856    0
  13882    2
  13906   -3
  13929    1
  13952   -3
  13976    3
  13999   -3
  14022    3
  14045   -4
  14069    3
  14092   -4
  14115    3
  14138   -3
  14162    4
  14186   -3
  14215    1
  14239   -2
  14262    3
  14286   -3
  14308    3
  14332   -3
  14353    1
  14376   -1
  14400    1
  14423   -1
  14447    3
  14469   -2
  14493    2
  14516   -2
  14539    3
  14562   -2
  14586    1
  14609    0
  14632    0
  14656    1
  14679   -2
  14703    4
  14725   -3
  14749    2
  14772    0
  14799   -2
  14822    0
  14845    2
  14869   -2
  14892    3
  14915   -3
  14938    2
  14962    0
  14985   -1
  15053    2
  15076   -2
  15100    1
  15124    2
  15146   -3
  15170    3
  15193   -1
  15217   -3
  15239    3
  15263   -2
  15286   -1
  15313    0
  15337    2
  15359   -2
  15383    0
  15406    1
  15429   -3
  15452    0
  15476    2
  15499   -3
  15522    0
  15545    2
  15569   -2
  15592    0
  15615    3
  15639    0
  15661   -1
  15685    2
  15708    0
  15732   -1
  15754    2
  15781    1
  15805    1
  15828   -3
  15852    0
  15874    3
  15898    0
  15921   -1
  15944    1
  15967    1
  15991   -3
  16014    0
  16037    3
  16061    0
  16084   -1
  16107   -1
  16130    2
  16154   -1
  16177   -1
  16200    0
  16223    1
  16250    0
  16273    2
  16297    0
  16320   -2
  16343    0
  16367    2
  16389    0
  16413   -3
  16436    0
  16460    1
  16482    1
  16506    0
  16529   -2
  16552    0
  16576    2
  16599    0
  16622    0
  16645   -1
  16669    0
  16691    1
  16718   -1
  16741    1
  16765    2
  16789    1
  16811    0
  16835   -1
  16858    0
  16881    1
  16904    1
  16928   -1
  16951    0
  16974   -2
  16997    0
  17021    1
  17044    2
  17067    1
  17136    0
  17165    1
  17189    1
  17213    0
  17239    2
  17263    2
  17285    0
  17309   -1
  17332   -2
  17356   -1
  17378    0
  17402    0
  17425    1
  17448    1
  17472    0
  17495    0
  17518    0
  17541    0
  17565    0
  17587    0
  17611    0
  17634    1
  17658    0
  17680    0
  17707    0
  17731    0
  17753    1
  17777    2
  17800    1
  17823    0
  17846    0
  17869   -1
  17892   -1
  17916   -1
  17939    0
  17962    0
  17986    0
  18008    0
  18032    0
  18054    1
  18078    0
  18101    0
  18124    1
  18147    0
  18174    0
  18198    0
  18220    0
  18244    0
  18267    1
  18291    0
  18313    2
  18337    0
  18360    2
  18384    0
  18406    2
  18430    0
  18454    2
  18477    0
  18500    1
  18523    0
  18547    2
  18569    0
  18593    1
  18616    0
  18640    1
  18667    0
  18690    0
  18713    1
  18736    0
  18760    1
  18783    0
  18807    1
  18829    0
  18853    1
  18877    1
  18900    0
  18924    0
  18946    0
  18970    0
  18993   -1
  19017    0
  19040   -2
  19063    0
  19086   -2
  19110    0
  19137    1
  19160   -1
  19229    1
  19252   -1
  19275    0
  19298   -2
  19322    0
  19345   -4
  19369    1
  19392   -2
  19415    1
  19439   -1
  19462    2
  19486    1
  19508    1
  19532    1
  19555    0
  19579    2
  19603   -4
  19626    1
  19653    2
  19675    1
  19699    2
  19722   -2
  19746    1
  19769   -4
  19793    0
  19816   -1
  19839    0
  19863    0
  19886    0
  19910    3
  19932    0
  19956    2
  19979   -4
  20003    0
  20026   -3
  20049    0
  20073    2
  20103    5
  20130    0
  20153   -6
  20177    0
  20201    1
  20223    4
  20247    3
  20270    0
  20294   -3
  20317   -1
  20340   -4
  20363    3
  20387    0
  20410    1
  20434    3
  20457   -6
  20480   -2
  20504   -4
  20527    2
  20551    3
  20573    3
  20600   -3
  20623    4
  20647    3
  20671    0
  20694    1
  20717   -5
  20740   -2
  20764    2
  20787    3
  20811    0
  20833    1
  20857   -6
  20880    0
  20904    2
  20927    1
  20950    1
  20974   -1
  20997   -6
  21021    3
  21043    2
  21071   -6
  21093    0
  21117    5
  21141    3
  21164   -5
  21188    0
  21210   -5
  21234    2
  21302    1
  21326   -1
  21348   -6
  21372    4
  21396    3
  21419   -1
  21443   -2
  21465   -3
  21489    0
  21512    6
  21536    3
  21559   -6
  21586    3
  21609    0
  21632   -3
  21656   -5
  21679    5
  21703    4
  21725   -2
  21749   -2
  21772   -1
  21796    1
  21819    2
  21842   -2
  21866   -8
  21889    5
  21913    3
  21936   -4
  21959   -2
  21982   -3
  22006    3
  22029    3
  22056    5
  22080    4
  22102   -2
  22126   -2
  22149   -2
  22173    2
  22196    1
  22219   -3
  22242   -7
  22266    5
  22289    4
  22313   -3
  22336   -2
  22359    2
  22383    4
  22406   -4
  22430   -3
  22452   -1
  22476    3
  22502    2
  22526    6
  22550    1
  22573   -4
  22596    0
  22619    5
  22643    5
  22666   -7
  22690   -2
  22712    5
  22736    0
  22760   -5
  22783    3
  22807    6
  22829    0
  22853   -4
  22876    0
  22900    6
  22922    1
  22946   -7
  22973   -5
  22996   -5
  23027    1
  23050    5
  23074   -4
  23096   -1
  23120    7
  23144    3
  23167  -10
  23191    1
  23213    8
  23237   -4
  23260   -8
  23284    3
  23306    2
  23330   -6
  23398    7
  23422   -6
  23446   -4
  23468    3
  23495   -4
  23518    4
  23542    1
  23565  -10
  23589    0
  23611    6
  23635   -6
  23659   -3
  23682    7
  23705    0
  23728   -5
  23752    0
  23775    5
  23798   -5
  23821   -6
  23845    7
  23869    1
  23892  -10
  23915    4
  23938    6
  23965    7
  23988    0
  24012   -5
  24035    4
  24058    3
  24081   -3
  24105    1
  24129    6
  24151    0
  24175   -3
  24198    6
  24222    3
  24244   -9
  24268    4
  24291    7
  24315   -8
  24337    2
  24361    8
  24385   -4
  24408    0
  24435   -4
  24458    2
  24481    5
  24504   -1
  24528    0
  24552    5
  24574    0
  24598   -4
  24621    6
  24645    3
  24667  -10
  24691    5
  24714    5
  24738   -9
  24761    4
  24784    7
  24808   -7
  24831    2
  24855    7
  24877   -5
  24904    1
  24927   -5
  24951    5
  24974    3
  24997   -4
  25021    3
  25044    4
  25068   -2
  25090   -6
  25114    6
  25137   -1
  25161   -9
  25184    6
  25207    0
  25230  -10
  25254    7
  25278    1
  25300  -11
  25324    6
  25347    2
  25374    7
  25397   -7
  25466    6
  25488   -5
  25512    0
  25536    6
  25559   -1
  25582    0
  25605    8
  25629   -1
  25652    0
  25675    6
  25698    0
  25722   -1
  25745    6
  25768   -1
  25792   -9
  25815    7
  25839   -2
  25861   -9
  25889  -12
  25911    6
  25935    3
  25958  -11
  25989    8
  26013   -1
  26035   -2
  26059    8
  26082   -2
  26106   -6
  26128    9
  26152   -4
  26176   -6
  26199    9
  26223   -7
  26245   -5
  26269    8
  26292  -10
  26316   -1
  26338    7
  26366    6
  26389   -6
  26412   -4
  26436    8
  26459   -9
  26482   -3
  26505    9
  26529  -12
  26552    0
  26575    9
  26598  -12
  26622    4
  26646    7
  26668  -12
  26692    7
  26715    3
  26739  -12
  26762    9
  26785   -3
  26808   -8
  26835  -10
  26859    4
  26882   -2
  26906   -8
  26928    8
  26952  -10
  26975   -2
  26999    8
  27021   -9
  27045    3
  27069    4
  27092   -9
  27115    9
  27138   -1
  27162   -9
  27185    9
  27208  -10
  27231   -2
  27255    4
  27281   10
  27305  -10
  27329   -1
  27351    8
  27375  -11
  27398    7
  27422    2
  27444   -5
  27468   10
  27536    7
  27560    3
  27583   -4
  27606   10
  27630  -10
  27653    7
  27676    4
  27699  -15
  27723   10
  27746   -6
  27770   -5
  27797   -9
  27819    9
  27843  -14
  27866    3
  27890    7
  27912   -8
  27936    9
  27959   -5
  27983    4
  28006    5
  28029  -14
  28053   10
  28076   -8
  28100   -2
  28122    3
  28146  -12
  28169    9
  28193    0
  28215    1
  28239    7
  28266    9
  28289  -12
  28313    2
  28335    6
  28359   -8
  28382   10
  28406   -8
  28428    8
  28452    2
  28475  -12
  28499    6
  28522  -12
  28545    6
  28569   -8
  28592    0
  28615    9
  28638  -13
  28662    9
  28685   -6
  28712   -3
  28736   -7
  28758    9
  28782  -11
  28805   10
  28829   -6
  28851    7
  28875    2
  28906   -7
  28929    6
  28952  -14
  28975    9
  28999  -11
  29022    5
  29046    2
  29068    0
  29092    7
  29115  -15
  29138    8
  29162  -11
  29188    0
  29212    2
  29235    3
  29258  -10
  29281   10
  29305  -14
  29328    8
  29351    0
  29375    3
  29398    4
  29421  -11
  29444   10
  29468  -16
  29491    9
  29515   -1
  29537    4
  29561    2
  29630    0
  29652    3
  29676    4
  29702   10
  29726  -13
  29749   10
  29773   -7
  29795    8
  29819   -5
  29843   -2
  29865    7
  29889   -5
  29912    9
  29936  -12
  29958    9
  29982  -12
//nc                       ;end of curve


******** x-axis ********
/et    x "\pt18/Time (milliseconds)" ;axis title
/oaam  x ON                ;min tics
/oaamm x ON                ;maj tics
/ogs   x h                 ;grid style

******** y-axis ********
/et    y "\pt18/Measured Angle (degrees)" ;axis title
/oaam  y ON                ;min tics
/oaamm y ON                ;maj tics
/ogs   y h                 ;grid style

/et g  "\pt20/Measured Angle with High and Low Pass Digital Filter Applied" ;graph title
/og    OFF                 ;grid

