******** EasyPlot save file ********
******** graph attributes   ********
/fpo  pd  12.00 6.00       ;page size
/sf   "Arial"              ;font
/sf   b   OFF              ;Bold
/sf   i   OFF              ;Italic
/sf   u   OFF              ;Underline
/fpo  pt  22.00            ;base point size
/fpo  gt  base             ;graph-title size
/fpo  at  base             ;axis-title size
/fpo  an  base             ;annotation size
/fpo  lt  base             ;legend-text size
/fpo  po  OFF              ;portrait mode
/fpo  co  ON               ;color
/fpo  sc  ON               ;scale text by graph size
/fpo  lw  3.00             ;line weight
/sa   d   0.50             ;data mark size
/sa   t   1.00             ;tic size
/sa   b   0.00             ;bar separation
//angular_grid  15

******** open new graph     ********
//pos 0 0 1 1
/ag              
/st    OFF                 ;3D state

/sa m  3  2                ;mark, dash & color for column 2
//cwt  9  2                ;line weight
/sm    ON                  ;data marks
/sc    ON                  ;connect points
/sd    OFF                 ;dashed lines
/sb    OFF                 ;bar
/se x  OFF                 ;X-error bars
/se y  OFF                 ;Y-error bars
/td    "xy"                ;define the columns
      0      0
   2545      0
   2570      0
   2594      0
   2619      0
   2642      0
   2667      0
   2692      0
   2716      0
   2741      0
   2765      0
   2790      0
   2813      0
   2838      0
   2863      0
   2887      0
   2912      0
   2936      0
   2961      0
   2984      0
   3009      0
   3034      0
   3061      0
   3086      0
   3110      0
   3135      0
   3159      0
   3184      0
   3209      0
   3233      0
   3258      0
   3282      0
   3306      0
   3330      0
   3355      0
   3380      0
   3404      0
   3429      0
   3453      0
   3478      0
   3503      0
   3527      0
   3552      0
   3579      0
   3604      0
   3628      0
   3653      0
   3678      0
   3702      0
   3726      0
   3750      0
   3775      0
   3799      0
   3824      0
   3849      0
   3873      0
   3898      0
   3922      0
   3947      0
   3972      0
   3996      0
   4020      0
   4044      0
   4069      0
   4093      0
   4122      0
   4146      0
   4170      0
   4195   0.01
   4219   0.01
   4244   0.01
   4268   0.01
   4293   0.01
   4318   0.01
   4342   0.01
   4367   0.01
   4391   0.01
   4416   0.01
   4441   0.03
   4465   0.03
   4489   0.01
   4513   0.02
   4538   0.01
   4562   0.01
   4587   0.01
   4612   0.01
   4639   0.01
   4664   0.01
   4732   0.01
   4757   0.01
   4782   0.01
   4806   0.01
   4831   0.01
   4855   0.01
   4880   0.01
   4904   0.01
   4929   0.01
   4954   0.01
   4978   0.01
   5003   0.01
   5027      0
   5052   0.01
   5076   0.01
   5101      0
   5125      0
   5149      0
   5174      0
   5202      0
   5227      0
   5252      0
   5276   0.01
   5300      0
   5324      0
   5349   0.01
   5373   0.01
   5398   0.01
   5423   0.01
   5447   0.02
   5472   0.03
   5496   0.04
   5521   0.04
   5553   0.04
   5577   0.02
   5602   0.01
   5626      0
   5651      0
   5675      0
   5700  -0.04
   5725  -0.06
   5753  -0.05
   5778  -0.04
   5802  -0.03
   5827  -0.09
   5852  -0.08
   5876  -0.08
   5901  -0.08
   5925  -0.16
   5950  -0.16
   5974  -0.17
   5999  -0.17
   6024  -0.14
   6048  -0.13
   6073  -0.11
   6097  -0.22
   6122  -0.22
   6148  -0.22
   6172  -0.21
   6197  -0.21
   6221  -0.16
   6249  -0.21
   6273  -0.19
   6298  -0.25
   6324  -0.19
   6348  -0.22
   6373  -0.17
   6397  -0.21
   6422   -0.2
   6447  -0.33
   6471  -0.26
   6496  -0.24
   6520  -0.24
   6546  -0.32
   6570  -0.39
   6595  -0.44
   6620  -0.52
   6644   -0.5
   6669  -0.45
   6694  -0.45
   6719  -0.52
   6747  -0.45
   6771  -0.34
   6797  -0.26
   6821  -0.34
   6846  -0.26
   6870  -0.43
   6939  -0.51
   6965  -0.51
   6989  -0.53
   7014  -0.59
   7038  -0.63
   7064  -0.61
   7089  -0.61
   7113  -0.61
   7138  -0.59
   7163  -0.47
   7188  -0.46
   7212  -0.53
   7237  -0.47
   7262  -0.53
   7290  -0.54
   7315  -0.63
   7340  -0.81
   7365  -0.61
   7390  -0.64
   7414  -0.57
   7440  -0.58
   7464   -0.5
   7489  -0.57
   7515   -0.5
   7539  -0.55
   7564  -0.38
   7588  -0.41
   7614  -0.46
   7638  -0.83
   7663  -0.79
   7689  -0.91
   7713  -0.94
   7738  -1.05
   7763  -0.93
   7788  -0.89
   7817  -0.86
   7841  -1.06
   7867  -1.19
   7891  -1.11
   7916  -1.14
   7942  -1.02
   7966  -0.93
   7991   -1.2
   8016   -1.3
   8041  -1.35
   8066  -1.43
   8091  -1.47
   8116  -1.46
   8141  -1.39
   8166  -1.31
   8191  -1.23
   8216  -1.15
   8242  -1.15
   8266   -1.2
   8291  -1.39
   8319  -1.41
   8345  -1.36
   8370   -1.3
   8395  -1.19
   8420  -1.12
   8444  -1.48
   8470  -0.93
   8495  -0.86
   8520  -0.76
   8545  -0.63
   8570  -0.83
   8595  -0.88
   8620  -0.81
   8652  -0.76
   8678  -0.64
   8702  -0.73
   8727  -1.04
   8753  -0.86
   8777  -1.26
   8803  -0.76
   8831  -0.92
   8856   -0.8
   8882  -0.79
   8906  -0.47
   8931  -0.37
   8956  -0.46
   8981  -0.37
   9007   0.03
   9031   0.22
   9057   0.05
   9081   0.11
   9106   0.43
   9131   0.51
   9200   0.97
   9226   1.12
   9250   1.19
   9276   1.66
   9300   1.79
   9326   1.79
   9351   1.95
   9376   1.96
   9404   2.13
   9429   2.19
   9454   2.03
   9480   2.03
   9504   2.43
   9530   2.43
   9554   1.89
   9580   2.03
   9605   1.53
   9630   1.69
   9655   2.23
   9680   2.35
   9705   2.74
   9729   2.74
   9755   2.49
   9780   2.49
   9805   2.74
   9830   2.44
   9855   2.59
   9880   3.05
   9906   3.09
   9933   3.29
   9959   3.77
   9983   3.74
  10009   3.98
  10034   4.59
  10058   4.63
  10084   4.89
  10108   4.38
  10134   4.35
  10159   4.59
  10184   4.06
  10209   3.75
  10234    3.9
  10259   3.98
  10284   3.66
  10309   3.46
  10335   3.64
  10359   3.13
  10385   2.79
  10409   2.76
  10438   2.33
  10463   2.64
  10488   3.04
  10513    3.3
  10538   3.79
  10563   4.16
  10589   4.27
  10613   4.64
  10639   4.98
  10663   5.48
  10689   5.68
  10714   6.02
  10739   6.57
  10764   6.93
  10789   7.23
  10814    7.6
  10839   7.27
  10864   7.48
  10890    7.6
  10914   7.98
  10943   8.34
  10969    7.9
  10993   8.46
  11019   8.95
  11044   9.44
  11069   9.99
  11094  10.39
  11119  10.73
  11145  10.19
  11169  10.09
  11195  10.37
  11220  10.59
  11245  10.76
  11271  11.03
  11295  11.38
  11321  11.55
  11346  11.89
  11371  12.14
  11441  12.52
  11466  12.99
  11494  13.17
  11519  13.58
  11545  13.86
  11570  14.16
  11595  14.16
  11620  14.34
  11645   14.4
  11671  14.62
  11696  14.66
  11721  14.93
  11746  15.01
  11771  15.16
  11796  14.64
  11829  14.93
  11854  15.17
  11879   15.3
  11904  14.83
  11929  15.31
  11955  15.68
  11983  16.09
  12008  16.41
  12033  16.54
  12059  16.63
  12084  16.05
  12109  16.35
  12134  17.15
  12159  17.62
  12184  17.89
  12210  18.19
  12234  18.37
  12260  17.94
  12285  18.24
  12310  18.66
  12336  18.86
  12360  19.02
  12386  19.17
  12410   18.7
  12436  19.22
  12460  18.79
  12489  18.79
  12515  19.14
  12539   19.3
  12565  19.61
  12590  20.17
  12615  19.52
  12640  19.86
  12665  19.52
  12691  19.59
  12715  20.07
  12741  19.64
  12766  19.86
  12791  20.26
  12816  20.37
  12841  20.98
  12866  21.51
  12892  21.56
  12916  22.14
  12942  21.11
  12970  21.55
  12995  21.16
  13021  21.34
  13045  21.31
  13071  21.42
  13095  21.94
  13121  22.17
  13146  21.91
  13171  21.99
  13196  22.68
  13221  22.88
  13247  22.94
  13271  23.36
  13297  23.12
  13322   23.4
  13347  23.59
  13372  23.32
  13397  23.49
  13422  23.74
  13451  23.92
  13476  24.13
  13501  23.51
  13526  23.31
  13551   23.7
  13577  24.07
  13601  23.98
  13627  24.03
  13696  24.82
  13721  24.61
  13747  25.01
  13771  25.11
  13797  24.91
  13821  25.03
  13847  24.47
  13872  24.94
  13897  25.26
  13922  25.38
  13947  25.43
  13972  26.08
  14001  25.76
  14026  25.67
  14051  25.74
  14076  25.47
  14101  24.96
  14127  25.12
  14152  25.16
  14177  24.97
  14202  25.17
  14227  25.23
  14252     26
  14277   26.3
  14303  26.27
  14327  27.16
  14353  27.79
  14378  28.03
  14403  28.23
  14429  28.89
  14453  29.32
  14482  29.33
  14507  30.32
  14532  30.87
  14558  31.38
  14582  31.86
  14608  31.79
  14632  31.52
  14658  31.46
  14683  30.91
  14708  30.94
  14733  30.27
  14758  30.14
  14784  30.18
  14809  29.95
  14834  30.06
  14859  29.79
  14884  29.55
  14909   29.7
  14934   29.6
  14959  29.54
  14995  29.71
  15020  29.66
  15045  29.81
  15071  29.49
  15096  29.49
  15121  29.68
  15146  29.47
  15171  29.36
  15197  28.85
  15221  28.56
  15247  28.69
  15271  28.49
  15297  29.43
  15322     30
  15347  29.82
  15373  29.88
  15397  29.12
  15423  29.02
  15447  28.97
  15476  28.99
  15502  28.16
  15526  28.04
  15552  28.06
  15577  27.22
  15602  26.93
  15627  26.79
  15652  26.81
  15677  26.45
  15702  26.57
  15727  26.66
  15753  26.32
  15777  26.36
  15803   26.5
  15827  25.87
  15853  25.81
  15879  26.24
  15903   26.9
  15973  26.86
  16001  26.56
  16026  26.74
  16052  27.29
  16076  27.27
  16102  26.91
  16126  26.93
  16152  26.96
  16177  26.31
  16202  26.36
  16227  27.02
  16252  26.72
  16277  26.64
  16303  26.19
  16327  26.17
  16353  26.27
  16377  26.63
  16403  26.75
  16427  26.56
  16453  26.25
  16478  25.52
  16506  25.47
  16532  25.47
  16556  25.44
  16582  25.11
  16607  25.69
  16632  25.84
  16658  25.24
  16682  25.51
  16708  24.84
  16733  24.77
  16758  25.05
  16783  24.11
  16808  23.92
  16833  24.14
  16859  23.48
  16883  24.02
  16909  24.02
  16933  23.63
  16959  23.43
  16988  23.04
  17012  23.26
  17038  22.67
  17062  22.87
  17088  23.96
  17113  23.67
  17138  23.97
  17164  23.94
  17188  23.87
  17214  23.89
  17238  23.27
  17264  23.39
  17289  23.77
  17314  23.12
  17339  22.25
  17364  21.96
  17389  21.65
  17415  21.39
  17439  21.35
  17465  21.22
  17493  20.96
  17518  20.92
  17544   20.8
  17568  20.76
  17594  20.65
  17618  20.62
  17644  21.46
  17669  22.09
  17694  21.72
  17719  20.92
  17744  21.07
  17770  21.51
  17794   21.7
  17820  22.31
  17845  22.92
  17870  22.19
  17895  22.33
  17920  22.65
  17945  23.39
  17974  23.13
  17999  23.25
  18024  23.36
  18049  23.31
  18074  23.17
  18100  23.58
  18131  23.69
  18157  23.64
  18227  23.82
  18251  24.02
  18277  23.91
  18301  23.72
  18327  23.35
  18352  23.03
  18377  22.51
  18402  21.89
  18427  21.16
  18452  21.48
  18478  21.58
  18502  21.09
  18531  20.92
  18555  20.71
  18581  20.36
  18606  19.88
  18631  19.14
  18656  19.21
  18681  19.51
  18706  19.64
  18730  19.67
  18756  19.67
  18781  19.71
  18806  19.76
  18831  19.92
  18856  19.54
  18881  20.59
  18906  19.79
  18931  19.63
  18956  19.66
  18981   19.6
  19009  20.06
  19035  19.53
  19060  19.21
  19085  19.17
  19110     19
  19135  19.78
  19161  20.02
  19185  19.66
  19211  19.73
  19235  19.66
  19261  19.79
  19285  19.05
  19311  19.27
  19336   19.5
  19361  19.44
  19386  18.81
  19411  19.21
  19437  18.55
  19462  18.29
  19490  18.74
  19516  18.57
  19540  19.26
  19566  19.06
  19591  19.33
  19616  19.28
  19642  20.02
  19666  19.85
  19692  20.06
  19717  20.67
  19742  20.72
  19768  20.12
  19792  19.26
  19818  19.54
  19842  19.44
  19868  19.76
  19894  20.02
  19918  19.99
  19944  19.56
  19968  19.42
  19997  19.09
  20023  18.54
  20048   18.5
  20073  18.14
  20098  17.67
  20123  17.53
  20149  17.41
  20174  17.31
  20199  16.99
  20224  16.84
  20249  17.06
  20275  17.34
  20299   17.4
  20325  16.87
  20350  16.89
  20375  16.52
  20401  16.08
  20470  15.81
  20496  15.58
  20524  15.26
  20549  15.27
  20575  14.98
  20600     15
  20625  14.95
  20650  14.74
  20675  14.64
  20701  15.43
  20725  15.43
  20751  15.17
  20776  15.34
  20801  15.23
  20827  14.35
  20851  14.88
  20877  14.26
  20901  14.13
  20927  14.86
  20953   15.2
  20977  14.91
  21006  15.46
  21031  15.11
  21056  14.91
  21082  14.96
  21107  15.41
  21132  15.52
  21157     15
  21182  15.71
  21207  15.23
  21232  14.52
  21258  14.81
  21283  15.34
  21315  15.44
  21341  14.68
  21366  14.54
  21391  14.86
  21416  14.11
  21441  13.59
  21467  13.49
  21492  14.13
  21520  14.45
  21545  14.85
  21571  14.82
  21596  14.52
  21621  14.17
  21646  14.11
  21671  14.18
  21697  14.11
  21722  14.36
  21747  14.41
  21772  14.71
  21797  14.61
  21822  14.48
  21847  14.89
  21873  14.85
  21898  14.76
  21923  13.86
  21948  13.64
  21973  12.72
  22002  12.38
  22027  13.05
  22052  12.64
  22078  12.39
  22102  12.01
  22128  12.18
  22153  12.23
  22178  12.07
  22203  12.06
  22228  12.27
  22254  12.31
  22279  12.13
  22304  11.93
  22329  11.84
  22354  11.86
  22380  12.36
  22405  12.51
  22430  12.87
  22455  12.63
  22483  12.94
  22509  13.65
  22535  13.55
  22559  13.23
  22585  12.59
  22609  13.32
  22635  12.61
  22660     13
  22730  13.51
  22756  13.43
  22780  14.38
  22806  13.35
  22831  13.04
  22856  11.99
  22882  12.13
  22906  12.24
  22932  12.31
  22956  12.38
  22982  12.54
  23008  12.44
  23035   12.3
  23061  13.01
  23087  13.07
  23111  12.41
  23137  12.51
  23161  12.34
  23187  12.92
  23212  13.07
  23237  12.89
  23263  12.76
  23287  12.24
  23313  12.02
  23337  11.46
  23363  11.54
  23389  11.63
  23413  11.91
  23439  12.84
  23463  12.27
  23489  12.29
  23518  12.39
  23542  12.02
  23568   11.8
  23592  12.46
  23618  11.92
  23644  11.71
  23668  11.88
  23694  11.96
  23718  11.44
  23744  11.21
  23769   11.3
  23794  10.55
  23820  10.89
  23844  10.64
  23870  10.85
  23894   11.1
  23920  11.61
  23945  12.34
  23970   12.5
  23999  12.81
  24023  12.57
  24049  12.91
  24074   13.2
  24099  13.56
  24125  14.38
  24149  14.91
  24175  15.27
  24200  14.69
  24225  15.19
  24250  16.24
  24275  16.27
  24301  16.59
  24326  16.49
  24351  17.01
  24376  17.22
  24401  17.26
  24427  17.69
  24459  17.79
  24484  17.59
  24513  17.92
  24539  18.11
  24563  19.01
  24589  18.73
  24613  18.92
  24639  19.08
  24665  19.42
  24689  19.89
  24715  19.94
  24739  20.72
  24765  21.12
  24790   21.4
  24815  21.44
  24841  21.91
  24865  21.79
  24891   21.7
  24916  22.29
  24986  22.93
  25012  23.09
  25040  23.92
  25065  23.96
  25090  24.05
  25115  24.38
  25141  24.51
  25165  24.51
  25191  25.22
  25216  25.42
  25241  25.54
  25267  25.47
  25291  25.52
  25317  25.93
  25341  26.12
  25367  26.49
  25393  26.72
  25417  26.77
  25443  26.51
  25467   26.6
  25493  26.74
  25519  26.92
  25546  27.07
  25572  27.61
  25597  28.09
  25622  28.64
  25648  28.64
  25672  28.64
  25698  28.45
  25722  28.68
  25748  29.09
  25774  28.98
  25798  29.32
  25824  29.37
  25848  29.43
  25874  29.24
  25898  29.27
  25924  29.07
  25949  29.07
  25974  29.04
  26000  28.71
  26027  29.72
  26053  29.64
  26079  30.32
  26103  30.39
  26129  31.06
  26153  31.26
  26179  31.33
  26204  30.77
  26229  30.77
  26255  30.92
  26279  30.42
  26305  30.46
  26330  30.73
  26355  30.96
  26380  30.84
  26405  31.05
  26431  31.04
  26455  31.46
  26481  31.52
  26506   31.6
  26529  31.32
  26554  31.46
  26579  30.67
  26604  31.27
  26630  31.61
  26655  30.79
  26680  31.59
  26705  31.69
  26730  32.16
  26756  31.97
  26780  32.75
  26806  32.58
  26831  32.09
  26856   32.7
  26881  32.78
  26906  33.58
  26932  33.64
  26957  34.37
  26982  34.49
  27010  34.22
  27036  34.27
  27061  34.27
  27086  34.27
  27111  34.93
  27136  34.03
  27161  34.14
  27232  34.31
  27257  35.03
  27282  35.03
  27307  35.03
  27332  34.52
  27358  34.44
  27382  34.83
  27408  34.29
  27433  34.54
  27458  34.57
  27484  35.47
  27508  34.75
  27537  34.83
  27562  34.22
  27587  34.13
  27613  34.64
  27644  34.71
  27670  34.97
  27696  35.78
  27720  35.09
  27746  35.01
  27771  35.63
  27796  35.58
  27822  34.71
  27846  34.81
  27872  35.64
  27896  35.64
  27922  35.68
  27947  36.68
  27972  36.68
  27998  36.68
  28022  36.71
  28051  36.61
  28076  36.83
  28102  36.28
  28127  36.19
  28152  36.25
  28177  36.33
  28202  35.47
  28227  35.28
  28253  35.36
  28278  35.41
  28303  35.38
  28328  35.66
  28353  36.46
  28379  36.45
  28403  35.75
  28429  35.94
  28454  35.83
  28479  35.81
  28505  36.08
  28533  36.05
  28558  35.78
  28583  35.78
  28608  35.85
  28634  36.66
  28658  35.74
  28684  35.74
  28708  35.76
  28734  36.39
  28759  36.51
  28784  36.46
  28810  36.63
  28834  36.58
  28860  36.11
  28884  36.11
  28910  35.38
  28935  35.42
  28960  35.67
  28986  35.49
  29014     36
  29039  35.96
  29065  35.96
  29089  35.97
  29115  35.89
  29139  35.83
  29165  36.04
  29191  35.68
  29215  35.68
  29241  35.41
  29265  35.54
  29291  34.74
  29316  34.85
  29341  34.76
  29366  34.63
  29391  34.63
  29416  34.68
  29487  34.41
  29512  34.42
  29537  34.63
  29565  34.57
  29591  34.56
  29616   34.5
  29641  35.11
  29666  35.11
  29691  35.11
  29716  35.16
  29742  35.11
  29767  35.29
  29792  35.29
  29817  35.31
  29842  35.31
  29867  34.52
  29892  34.53
  29918  34.96
  29942  34.97
  29968  35.22
  29992  35.34
//nc                       ;end of curve


******** x-axis ********
/et    x "\pt26/Time (millisecond)" ;axis title
/oaam  x ON                ;min tics
/oaamm x ON                ;maj tics
/ogs   x h                 ;grid style

******** y-axis ********
/et    y "\pt26/Measured Angle (degrees)" ;axis title
/oaam  y ON                ;min tics
/oaamm y ON                ;maj tics
/ogs   y h                 ;grid style

/et g  "\pt28/Rolling Average Angle Measured During Motor Startup" ;graph title
/og    OFF                 ;grid

