******** EasyPlot save file ********
******** graph attributes   ********
/fpo  pd  8.00 6.00        ;page size
/sf   "Arial"              ;font
/sf   b   OFF              ;Bold
/sf   i   OFF              ;Italic
/sf   u   OFF              ;Underline
/fpo  pt  12.00            ;base point size
/fpo  gt  base             ;graph-title size
/fpo  at  base             ;axis-title size
/fpo  an  base             ;annotation size
/fpo  lt  base             ;legend-text size
/fpo  po  OFF              ;portrait mode
/fpo  co  OFF              ;color
/fpo  sc  ON               ;scale text by graph size
/fpo  lw  3.00             ;line weight
/sa   d   0.50             ;data mark size
/sa   t   1.00             ;tic size
/sa   b   0.00             ;bar separation
//angular_grid  15

******** open new graph     ********
//pos 0 0 1 1
/ag              
/st    OFF                 ;3D state

/sa m  1  3                ;mark, dash & color for column 3
//cwt  1  3                ;line weight
//ebc  0  0                ;how error bars are computed, fixed vs. relative size & half vs. full bar
/sm    ON                  ;data marks
/sc    OFF                 ;connect points
/sd    OFF                 ;dashed lines
/sb    OFF                 ;bar
/se x  OFF                 ;X-error bars
/se y  ON                  ;Y-error bars
/td    "yexe"              ;define the columns
   358.4  0.1    1  0
   358.4  0.1    2  0
   358.4  0.1    3  0
   358.4  0.1    4  0
   358.4  0.1    5  0
   358.4  0.1    6  0
   358.4  0.1    7  0
   358.4  0.1    8  0
   358.4  0.1    9  0
   358.4  0.1   10  0
   358.4  0.1   11  0
   358.4  0.1   12  0
   358.4  0.1   13  0
   358.4  0.1   14  0
   358.4  0.1   15  0
   358.4  0.1   16  0
   358.4  0.1   17  0
   358.4  0.1   18  0
   358.4  0.1   19  0
   358.4  0.1   20  0
   358.4  0.1   21  0
   358.4  0.1   22  0
   358.4  0.1   23  0
   358.4  0.1   24  0
   358.4  0.1   25  0
     357  0.1   26  0
     350  0.1   27  0
  344.05  0.1   28  0
   338.1  0.1   29  0
   331.8  0.1   30  0
   326.9  0.1   31  0
  320.95  0.1   32  0
  314.65  0.1   33  0
  307.65  0.1   34  0
  302.75  0.1   35  0
   295.4  0.1   36  0
  288.75  0.1   37  0
   282.1  0.1   38  0
   276.5  0.1   39  0
  269.85  0.1   40  0
   264.6  0.1   41  0
  257.95  0.1   42  0
  250.95  0.1   43  0
     245  0.1   44  0
   238.7  0.1   45  0
  232.75  0.1   46  0
   226.1  0.1   47  0
  220.15  0.1   48  0
   213.5  0.1   49  0
   207.2  0.1   50  0
   200.9  0.1   51  0
  194.95  0.1   52  0
     189  0.1   53  0
   182.7  0.1   54  0
   177.1  0.1   55  0
   170.1  0.1   56  0
  164.15  0.1   57  0
   157.5  0.1   58  0
   151.2  0.1   59  0
  144.55  0.1   60  0
  138.25  0.1   61  0
   132.3  0.1   62  0
  125.65  0.1   63  0
  119.35  0.1   64  0
   112.7  0.1   65  0
   106.4  0.1   66  0
   99.75  0.1   67  0
    93.8  0.1   68  0
   87.85  0.1   69  0
   80.85  0.1   70  0
   74.55  0.1   71  0
    68.6  0.1   72  0
   61.95  0.1   73  0
      56  0.1   74  0
   50.05  0.1   75  0
   43.75  0.1   76  0
   38.15  0.1   77  0
   31.85  0.1   78  0
   24.85  0.1   79  0
   19.95  0.1   80  0
    14.7  0.1   81  0
     9.1  0.1   82  0
     3.5  0.1   83  0
    0.35  0.1   84  0
    0.35  0.1   85  0
    0.35  0.1   86  0
     2.8  0.1   87  0
   358.4  0.1   88  0
   358.4  0.1   89  0
   358.4  0.1   90  0
   358.4  0.1   91  0
   358.4  0.1   92  0
   358.4  0.1   93  0
   358.4  0.1   94  0
   358.4  0.1   95  0
   358.4  0.1   96  0
   358.4  0.1   97  0
   358.4  0.1   98  0
   358.4  0.1   99  0
   358.4  0.1  100  0
   358.4  0.1  101  0
   358.4  0.1  102  0
   358.4  0.1  103  0
   358.4  0.1  104  0
   358.4  0.1  105  0
   358.4  0.1  106  0
   358.4  0.1  107  0
   358.4  0.1  108  0
   358.4  0.1  109  0
   358.4  0.1  110  0
   358.4  0.1  111  0
   358.4  0.1  112  0
   358.4  0.1  113  0
   358.4  0.1  114  0
   358.4  0.1  115  0
   358.4  0.1  116  0
   358.4  0.1  117  0
   358.4  0.1  118  0
   358.4  0.1  119  0
   358.4  0.1  120  0
   358.4  0.1  121  0
   358.4  0.1  122  0
   358.4  0.1  123  0
   358.4  0.1  124  0
   358.4  0.1  125  0
   358.4  0.1  126  0
  353.15  0.1  127  0
  346.85  0.1  128  0
  341.25  0.1  129  0
   335.3  0.1  130  0
     329  0.1  131  0
  322.35  0.1  132  0
  316.75  0.1  133  0
   310.8  0.1  134  0
   305.2  0.1  135  0
  297.15  0.1  136  0
   291.9  0.1  137  0
  285.95  0.1  138  0
  278.95  0.1  139  0
   273.7  0.1  140  0
  267.05  0.1  141  0
  260.75  0.1  142  0
  253.75  0.1  143  0
  248.85  0.1  144  0
   242.2  0.1  145  0
   235.9  0.1  146  0
  229.25  0.1  147  0
   222.6  0.1  148  0
  217.35  0.1  149  0
  211.05  0.1  150  0
   204.4  0.1  151  0
  198.45  0.1  152  0
   191.8  0.1  153  0
   185.5  0.1  154  0
  180.95  0.1  155  0
   172.9  0.1  156  0
  166.95  0.1  157  0
   160.3  0.1  158  0
   154.7  0.1  159  0
   147.7  0.1  160  0
  141.75  0.1  161  0
  135.45  0.1  162  0
  129.85  0.1  163  0
   122.5  0.1  164  0
   116.9  0.1  165  0
   109.9  0.1  166  0
   102.9  0.1  167  0
   97.65  0.1  168  0
   90.65  0.1  169  0
   85.05  0.1  170  0
    78.4  0.1  171  0
   72.45  0.1  172  0
   66.15  0.1  173  0
    60.2  0.1  174  0
    53.9  0.1  175  0
   47.95  0.1  176  0
   41.65  0.1  177  0
    35.7  0.1  178  0
    30.1  0.1  179  0
   24.15  0.1  180  0
    18.2  0.1  181  0
    12.6  0.1  182  0
       7  0.1  183  0
     1.4  0.1  184  0
    0.35  0.1  185  0
    0.35  0.1  186  0
    0.35  0.1  187  0
    30.1  0.1  188  0
//nc                       ;end of curve


******** x-axis ********
/et    x "\pt18/Arbituary Time" ;axis title
/oaam  x ON                ;min tics
/oaamm x ON                ;maj tics
/ogs   x h                 ;grid style

******** y-axis ********
/et    y "\pt18/Measured Angle (degrees)" ;axis title
/oaam  y ON                ;min tics
/oaamm y ON                ;maj tics
/ogs   y h                 ;grid style

/et g  "\pt20/Measured Angle from the Potentiometer" ;graph title
/og    OFF                 ;grid

