"curve generated from eqn:

"   y=y0+(2*a/pi)*(w/(4*(x-xc)^2+w^2))

"a = -7.00000000000000E+002
"c = +1.53000000000000E+003
"w = +9.00000000000000E+001

"data points:       22
"iterations:        8
"sum of errors^2:   7.54597e-017
"variance:          4.1922e-018
"std err (R):       2.04749e-009

/sa l "y=y0+(2*a/pi)*(w/(4*(x-xc)^2+w^2)) max dev:2.12E-9 a=-700, c=1530, w=90.0"  2
/td    "xy"                ;define the columns
  1400  -2.18821e-009
  1402.01  -2.18193e-009
  1404.03  -2.17568e-009
  1406.04  -2.16945e-009
  1408.05  -2.16325e-009
  1410.07  -2.15708e-009
  1412.08  -2.15093e-009
  1414.09  -2.14481e-009
  1416.11  -2.13872e-009
  1418.12  -2.13265e-009
  1420.13  -2.12661e-009
  1422.15  -2.12059e-009
  1424.16   -2.1146e-009
  1426.17  -2.10863e-009
  1428.19  -2.10269e-009
   1430.2  -2.09677e-009
  1432.21  -2.09088e-009
  1434.23  -2.08501e-009
  1436.24  -2.07917e-009
  1438.26  -2.07336e-009
  1440.27  -2.06756e-009
  1442.28  -2.06179e-009
   1444.3  -2.05605e-009
  1446.31  -2.05033e-009
  1448.32  -2.04463e-009
  1450.34  -2.03896e-009
  1452.35  -2.03331e-009
  1454.36  -2.02768e-009
  1456.38  -2.02208e-009
  1458.39   -2.0165e-009
   1460.4  -2.01095e-009
  1462.42  -2.00541e-009
  1464.43   -1.9999e-009
  1466.44  -1.99441e-009
  1468.46  -1.98895e-009
  1470.47  -1.98351e-009
  1472.48  -1.97808e-009
   1474.5  -1.97269e-009
  1476.51  -1.96731e-009
  1478.52  -1.96196e-009
  1480.54  -1.95662e-009
  1482.55  -1.95131e-009
  1484.56  -1.94602e-009
  1486.58  -1.94075e-009
  1488.59  -1.93551e-009
   1490.6  -1.93028e-009
  1492.62  -1.92508e-009
  1494.63   -1.9199e-009
  1496.64  -1.91473e-009
  1498.66  -1.90959e-009
  1500.67  -1.90447e-009
  1502.68  -1.89937e-009
   1504.7  -1.89429e-009
  1506.71  -1.88923e-009
  1508.73  -1.88419e-009
  1510.74  -1.87917e-009
  1512.75  -1.87418e-009
  1514.77   -1.8692e-009
  1516.78  -1.86424e-009
  1518.79   -1.8593e-009
  1520.81  -1.85438e-009
  1522.82  -1.84948e-009
  1524.83   -1.8446e-009
  1526.85  -1.83973e-009
  1528.86  -1.83489e-009
  1530.87  -1.83007e-009
  1532.89  -1.82526e-009
   1534.9  -1.82048e-009
  1536.91  -1.81571e-009
  1538.93  -1.81096e-009
  1540.94  -1.80624e-009
  1542.95  -1.80152e-009
  1544.97  -1.79683e-009
  1546.98  -1.79216e-009
  1548.99   -1.7875e-009
  1551.01  -1.78286e-009
  1553.02  -1.77824e-009
  1555.03  -1.77364e-009
  1557.05  -1.76906e-009
  1559.06  -1.76449e-009
  1561.07  -1.75994e-009
  1563.09  -1.75541e-009
   1565.1   -1.7509e-009
  1567.11   -1.7464e-009
  1569.13  -1.74192e-009
  1571.14  -1.73746e-009
  1573.15  -1.73302e-009
  1575.17  -1.72859e-009
  1577.18  -1.72418e-009
   1579.2  -1.71978e-009
  1581.21  -1.71541e-009
  1583.22  -1.71105e-009
  1585.24   -1.7067e-009
  1587.25  -1.70238e-009
  1589.26  -1.69807e-009
  1591.28  -1.69377e-009
  1593.29  -1.68949e-009
   1595.3  -1.68523e-009
  1597.32  -1.68099e-009
  1599.33  -1.67676e-009
  1601.34  -1.67254e-009
  1603.36  -1.66834e-009
  1605.37  -1.66416e-009
  1607.38     -1.66e-009
   1609.4  -1.65584e-009
  1611.41  -1.65171e-009
  1613.42  -1.64759e-009
  1615.44  -1.64349e-009
  1617.45   -1.6394e-009
  1619.46  -1.63532e-009
  1621.48  -1.63126e-009
  1623.49  -1.62722e-009
   1625.5  -1.62319e-009
  1627.52  -1.61918e-009
  1629.53  -1.61518e-009
  1631.54  -1.61119e-009
  1633.56  -1.60723e-009
  1635.57  -1.60327e-009
  1637.58  -1.59933e-009
   1639.6  -1.59541e-009
  1641.61  -1.59149e-009
  1643.62   -1.5876e-009
  1645.64  -1.58371e-009
  1647.65  -1.57985e-009
  1649.67  -1.57599e-009
  1651.68  -1.57215e-009
  1653.69  -1.56833e-009
  1655.71  -1.56451e-009
  1657.72  -1.56072e-009
  1659.73  -1.55693e-009
  1661.75  -1.55316e-009
  1663.76   -1.5494e-009
  1665.77  -1.54566e-009
  1667.79  -1.54193e-009
   1669.8  -1.53822e-009
  1671.81  -1.53451e-009
  1673.83  -1.53082e-009
  1675.84  -1.52715e-009
  1677.85  -1.52348e-009
  1679.87  -1.51983e-009
  1681.88   -1.5162e-009
  1683.89  -1.51257e-009
  1685.91  -1.50896e-009
  1687.92  -1.50537e-009
  1689.93  -1.50178e-009
  1691.95  -1.49821e-009
  1693.96  -1.49465e-009
  1695.97   -1.4911e-009
  1697.99  -1.48757e-009
     1700  -1.48405e-009
